    1   6000 0.009999     0  11  27   8  13  37   1
          1
     0.0859
    -0.0060
     0.0892
     0.1895
     0.1216
     0.1787
     0.1042
     0.1978
     0.1315
     0.1978
     0.1274
     0.1978
     0.1373
     0.2185
     0.1481
     0.2160
     0.1448
     0.2392
     0.1539
     0.2724
     0.1903
     0.2848
     0.2036
     0.2782
     0.2202
     0.3163
     0.2285
     0.3437
     0.2500
     0.3561
     0.2500
     0.3710
     0.2649
     0.3660
     0.2848
     0.3917
     0.3776
     0.3594
     0.3014
     0.4091
     0.3030
     0.4075
     0.2898
     0.4141
     0.2939
     0.3834
     0.3055
     0.3859
     0.2881
     0.3967
     0.3055
     0.3975
     0.2923
     0.3710
     0.2790
     0.3677
     0.2691
     0.3776
     0.2848
     0.3851
     0.2732
     0.3718
     0.2898
     0.3453
     0.2707
     0.3594
     0.2318
     0.3337
     0.2268
     0.2981
     0.1796
     0.2252
     0.1166
     0.2069
     0.0776
     0.1373
     0.0114
     0.0793
    -0.0259
     0.0511
    -0.0964
    -0.0268
    -0.1196
    -0.0682
    -0.1701
    -0.0964
    -0.2190
    -0.1651
    -0.2596
    -0.1817
    -0.2986
    -0.2356
    -0.3218
    -0.2745
    -0.3566
    -0.3035
    -0.3905
    -0.3334
    -0.4228
    -0.3441
    -0.4427
    -0.3806
    -0.4750
    -0.3706
    -0.4825
    -0.4104
    -0.4958
    -0.4079
    -0.5165
    -0.4344
    -0.5090
    -0.4204
    -0.5065
    -0.4344
    -0.4958
    -0.4137
    -0.4941
    -0.3897
    -0.4900
    -0.3930
    -0.4601
    -0.3483
    -0.4369
    -0.3425
    -0.3880
    -0.3085
    -0.3640
    -0.2687
    -0.3168
    -0.2281
    -0.2745
    -0.1676
    -0.2372
    -0.1154
    -0.1569
    -0.0607
    -0.0085
     0.0097
    -0.0268
     0.0818
     0.0163
     0.1688
     0.1066
     0.2392
     0.1821
     0.2997
     0.2533
     0.3627
     0.2848
     0.3834
     0.2691
     0.3942
     0.2914
     0.3843
     0.2823
     0.3934
     0.2939
     0.4232
     0.3312
     0.4539
     0.4000
     0.5343
     0.4713
     0.5881
     0.5077
     0.6403
     0.5633
     0.6636
     0.6370
     0.7067
     0.6594
     0.7489
     0.7033
     0.7870
     0.7141
     0.8185
     0.7232
     0.8301
     0.7456
     0.8368
     0.7439
     0.8500
     0.7423
     0.8260
     0.7489
     0.8368
     0.7663
     0.8161
     0.7431
     0.8086
     0.7539
     0.7986
     0.7373
     0.8020
     0.7315
     0.8061
     0.7299
     0.7995
     0.6892
     0.7340
     0.6271
     0.6843
     0.5500
     0.5898
     0.4713
     0.4912
     0.3785
     0.4091
     0.2699
     0.2931
     0.1854
     0.2119
     0.0884
     0.1199
     0.0138
     0.0329
    -0.0624
    -0.0525
    -0.1685
    -0.1262
    -0.2563
    -0.2057
    -0.3218
    -0.2687
    -0.4079
    -0.3549
    -0.4717
    -0.4146
    -0.5405
    -0.4800
    -0.5861
    -0.5264
    -0.6358
    -0.5786
    -0.7170
    -0.6333
    -0.6772
    -0.7195
    -0.7874
    -0.6963
    -0.8321
    -0.7236
    -0.8371
    -0.7509
    -0.8653
    -0.7808
    -0.8810
    -0.7634
    -0.8694
    -0.7667
    -0.8412
    -0.7692
    -0.8214
    -0.7120
    -0.7891
    -0.6813
    -0.7501
    -0.6499
    -0.6963
    -0.5786
    -0.6374
    -0.5372
    -0.5935
    -0.4643
    -0.5057
    -0.3897
    -0.4485
    -0.2886
    -0.3309
    -0.2381
    -0.2538
    -0.1105
    -0.1519
    -0.0301
    -0.0475
     0.1042
     0.0462
     0.1986
     0.1613
     0.3047
     0.3105
     0.4439
     0.4340
     0.5865
     0.5484
     0.7191
     0.6843
     0.7920
     0.7307
     0.8301
     0.7489
     0.8401
     0.7721
     0.8550
     0.8194
     0.9744
     0.9279
     1.0796
     1.0291
     1.1617
     1.1045
     1.2413
     1.1733
     1.3009
     1.2363
     1.3631
     1.3067
     1.4128
     1.3299
     1.4526
     1.3764
     1.4667
     1.3714
     1.4949
     1.3855
     1.4916
     1.3888
     1.4899
     1.3739
     1.4617
     1.3631
     1.4709
     1.3681
     1.4584
     1.3432
     1.4352
     1.2910
     1.3391
     1.1857
     1.2089
     1.0224
     1.0465
     0.8790
     0.8915
     0.7290
     0.7713
     0.6105
     0.5144
     0.4572
     0.4738
     0.3055
     0.3238
     0.1464
     0.1754
     0.0022
     0.0271
    -0.1395
    -0.1254
    -0.3019
    -0.2472
    -0.4121
    -0.3988
    -0.5422
    -0.5049
    -0.6523
    -0.6233
    -0.7824
    -0.7335
    -0.8578
    -0.8363
    -0.9746
    -0.9249
    -1.0525
    -0.9879
    -1.1221
    -1.0509
    -1.1784
    -1.1047
    -1.2223
    -1.1735
    -1.2778
    -1.2000
    -1.3060
    -1.2414
    -1.3201
    -1.2621
    -1.3358
    -1.2621
    -1.3358
    -1.2215
    -1.2845
    -1.1875
    -1.2488
    -1.1304
    -1.1842
    -1.0591
    -1.1221
    -1.0111
    -1.0343
    -0.9166
    -0.9481
    -0.8089
    -0.8446
    -0.6797
    -0.7128
    -0.5612
    -0.5852
    -0.4146
    -0.4369
    -0.2687
    -0.2878
    -0.1154
    -0.1113
     0.0636
     0.0660
     0.2450
     0.2517
     0.4042
     0.4340
     0.6188
     0.6180
     0.8202
     0.8384
     1.0150
     1.0407
     1.2305
     1.2297
     1.4112
     1.3374
     1.4700
     1.3764
     1.5223
     1.4684
     1.6682
     1.6599
     1.8331
     1.8008
     1.9956
     1.9591
     2.1266
     2.0943
     2.2427
     2.1822
     2.3132
     2.2543
     2.3778
     2.4118
     2.3679
     2.2908
     2.3969
     2.2949
     2.4052
     2.2792
     2.3770
     2.2783
     2.3811
     2.2617
     2.3596
     2.2095
     2.2427
     2.0454
     2.0387
     1.8232
     1.8199
     1.5919
     1.5778
     1.3399
     1.3482
     1.1385
     1.1178
     0.8915
     0.9014
     0.6420
     0.6379
     0.3867
     0.3569
     0.1199
     0.0884
    -0.1229
    -0.1386
    -0.3151
    -0.3458
    -0.5314
    -0.5339
    -0.7501
    -0.7410
    -0.9316
    -0.9415
    -1.1287
    -1.0898
    -1.2894
    -1.2464
    -1.4410
    -1.4071
    -1.5520
    -1.5189
    -1.6779
    -1.6233
    -1.7699
    -1.7127
    -1.8461
    -1.8105
    -1.9322
    -1.8602
    -1.9869
    -1.9231
    -2.0267
    -1.9447
    -2.0656
    -1.9546
    -2.0639
    -1.9645
    -2.0349
    -1.9115
    -1.9844
    -1.8668
    -1.9281
    -1.7931
    -1.8610
    -1.6970
    -1.7483
    -1.5992
    -1.6398
    -1.4551
    -1.4733
    -1.3068
    -1.3027
    -1.1171
    -1.1113
    -0.9166
    -0.9001
    -0.7087
    -0.6780
    -0.4568
    -0.4460
    -0.2215
    -0.1809
     0.0660
     0.0909
     0.3453
     0.3884
     0.6370
     0.6578
     0.9271
     0.9702
     1.2297
     1.6093
     1.6756
     1.6391
     1.9251
     1.9973
     2.2908
     2.2609
     2.3869
     2.3281
     2.5826
     2.6092
     2.8521
     2.8853
     3.1224
     3.1175
     3.3712
     3.3571
     3.5918
     3.5595
     3.7652
     3.7079
     3.8829
     3.8066
     3.9269
     3.8207
     3.9460
     3.8017
     3.9004
     3.7900
     3.8904
     3.7353
     3.7577
     3.4998
     3.4583
     3.1515
     3.0876
     2.8015
     2.7095
     2.3704
     2.2477
     1.9260
     1.7975
     1.4700
     1.3416
     0.9934
     0.8600
     0.5641
     0.4713
     0.1821
     0.0876
    -0.1370
    -0.1701
    -0.4394
    -0.5065
    -0.8056
    -0.8885
    -1.1743
    -1.2530
    -1.4816
    -1.5322
    -1.7633
    -1.7591
    -1.9720
    -1.9736
    -2.1691
    -2.1683
    -2.3671
    -2.3348
    -2.5112
    -2.4880
    -2.6495
    -2.6279
    -2.7828
    -2.7389
    -2.8764
    -2.8416
    -2.9567
    -2.9062
    -3.0196
    -2.9525
    -3.0701
    -2.9964
    -3.0850
    -3.0022
    -3.1049
    -3.0006
    -3.0917
    -2.9898
    -3.0676
    -2.9360
    -3.0039
    -2.8772
    -2.9360
    -2.8167
    -2.8499
    -2.7074
    -2.7298
    -2.5443
    -2.5642
    -2.3911
    -2.1923
    -2.1418
    -2.1940
    -1.9712
    -1.9604
    -1.7069
    -1.6804
    -1.4087
    -1.3342
    -1.0608
    -0.9547
    -0.6391
    -0.5098
    -0.2008
     0.0014
     0.3089
     0.4530
     0.7821
     0.9346
     1.2471
     1.4792
     1.8530
     2.0478
     2.4143
     2.5569
     2.9417
     3.1133
     3.5188
     3.6947
     3.8863
     3.8921
     4.2371
     4.4038
     4.7987
     4.9447
     5.2907
     5.3861
     5.6516
     5.6790
     5.8922
     5.8516
     5.9976
     5.8806
     6.0067
     5.8781
     5.9736
     5.7727
     5.7271
     5.3297
     5.1081
     4.6685
     4.4403
     4.0289
     3.8033
     3.4201
     3.1838
     2.8256
     2.5876
     2.1896
     1.9517
     1.5803
     1.3880
     0.9909
     0.7448
     0.3420
     0.1315
    -0.2671
    -0.4568
    -0.7949
    -0.9249
    -1.2157
    -1.3068
    -1.5504
    -1.5910
    -1.8428
    -1.9629
    -2.2536
    -2.3671
    -2.6263
    -2.7240
    -2.9757
    -3.0569
    -3.2722
    -3.3127
    -3.4908
    -3.5313
    -3.6638
    -3.6787
    -3.7814
    -3.7665
    -3.8799
    -3.8476
    -3.9652
    -3.9130
    -4.0173
    -3.9602
    -4.0422
    -3.9883
    -4.0471
    -3.9726
    -3.9246
    -3.9254
    -3.9900
    -3.8774
    -3.9751
    -3.8584
    -3.9412
    -3.8335
    -3.9205
    -3.8087
    -3.8840
    -3.7391
    -3.7913
    -3.6348
    -3.6555
    -3.4850
    -3.4982
    -3.3119
    -3.3045
    -3.1190
    -3.0917
    -2.8846
    -2.8167
    -2.6014
    -2.4880
    -2.2370
    -2.1128
    -1.8105
    -1.6639
    -1.3640
    -1.2323
    -0.8910
    -0.7849
    -0.3822
    -0.1121
     0.3420
     0.5699
     0.9321
     1.1749
     1.6126
     1.8364
     2.2228
     2.5569
     2.9972
     3.4210
     3.9360
     4.2305
     4.7589
     5.1305
     5.6292
     5.8275
     6.0167
     6.2922
     6.7072
     6.9628
     7.3081
     7.4625
     7.7157
     7.7198
     7.7746
     7.6974
     7.7381
     7.5571
     7.3372
     6.8632
     6.5047
     5.9180
     5.5321
     4.9588
     4.5598
     4.0389
     3.7154
     3.2128
     2.9052
     2.4533
     2.1855
     1.7204
     1.4485
     1.0688
     0.8003
     0.3006
    -0.0682
    -0.5190
    -0.8147
    -1.2124
    -1.4087
    -1.7401
    -1.8742
    -2.1708
    -2.3082
    -2.5857
    -2.7538
    -3.0171
    -3.1380
    -3.3492
    -3.4353
    -3.6034
    -3.6216
    -3.7648
    -3.7963
    -3.9279
    -3.9329
    -4.0479
    -4.0355
    -4.1481
    -4.1349
    -4.2441
    -4.2475
    -4.3526
    -4.3443
    -4.4254
    -4.3907
    -4.4470
    -4.4089
    -4.4577
    -4.4023
    -4.4246
    -4.3393
    -4.3509
    -4.2508
    -4.2433
    -4.1432
    -4.1191
    -3.9925
    -4.0016
    -3.8882
    -3.9047
    -3.7996
    -3.8054
    -3.7118
    -3.6986
    -3.5868
    -3.5587
    -3.4196
    -3.3757
    -3.2374
    -3.1786
    -3.0196
    -2.9401
    -2.7695
    -2.6710
    -2.4822
    -2.3579
    -2.1244
    -1.9554
    -1.6978
    -1.5404
    -1.2364
    -1.0442
    -0.6656
    -0.4651
    -0.1071
     0.1506
     0.5533
     0.8343
     1.1691
     1.4120
     1.7527
     2.0022
     2.3704
     2.6821
     3.1216
     3.5719
     4.1044
     4.5175
     4.7871
     5.1571
     5.7180
     6.0665
     6.4126
     6.7146
     7.1446
     7.3455
     7.6319
     7.7049
     7.7771
     7.7672
     7.7804
     7.7356
     7.7215
     7.5040
     7.1554
     6.6009
     6.1395
     5.6134
     5.1505
     4.6245
     4.1898
     3.7154
     3.3239
     2.8761
     2.5395
     2.1623
     1.8331
     1.4518
     1.1244
     0.7672
     0.4448
     0.0495
    -0.2604
    -0.9382
    -1.0865
    -1.2513
    -1.4833
    -1.6978
    -1.8287
    -2.0250
    -2.1757
    -2.3778
    -2.5252
    -2.6892
    -2.8002
    -2.9087
    -2.9824
    -3.0759
    -3.1049
    -3.1935
    -3.2788
    -3.3897
    -3.4320
    -3.5288
    -3.5876
    -3.6870
    -3.7425
    -3.8211
    -3.8526
    -3.9205
    -3.9420
    -4.0041
    -4.0074
    -4.0339
    -3.9958
    -4.0223
    -3.9974
    -4.0057
    -3.9768
    -3.9776
    -3.9362
    -3.9296
    -3.8733
    -3.8451
    -3.7830
    -3.7267
    -3.6704
    -3.6207
    -3.5479
    -3.4941
    -3.3831
    -3.2995
    -3.1546
    -3.0411
    -2.8962
    -2.7198
    -2.5658
    -2.4259
    -2.3149
    -2.2056
    -2.0946
    -2.0084
    -1.8767
    -1.7401
    -1.5885
    -1.4195
    -1.2397
    -1.0807
    -0.8354
    -0.6490
    -0.3383
    -0.1138
     0.0834
     0.2616
     0.5351
     0.6926
     0.9470
     1.1376
     1.3813
     1.6143
     1.8530
     2.0976
     2.3413
     2.6108
     2.8670
     3.1340
     3.4384
     3.7958
     4.1716
     4.5208
     4.7083
     4.9961
     5.2633
     5.5578
     5.8242
     6.0043
     6.1794
     6.3453
     6.5478
     6.7437
     6.9138
     6.9944
     7.0317
     6.6947
     6.5462
     6.3603
     5.9429
     5.5147
     5.1322
     4.7207
     4.3474
     3.9626
     3.5852
     3.1962
     2.8654
     2.4964
     2.1631
     1.8555
     1.5140
     1.1816
     0.8641
     0.5915
     0.3279
     0.0453
    -0.2273
    -0.4842
    -0.6764
    -0.8777
    -1.0185
    -1.1229
    -1.2256
    -1.3847
    -1.5810
    -1.7633
    -1.9256
    -2.0904
    -2.2503
    -2.4043
    -2.5269
    -2.6403
    -2.7820
    -2.8706
    -2.9807
    -3.0676
    -3.1745
    -3.2407
    -3.3144
    -3.3632
    -3.4345
    -3.4643
    -3.5023
    -3.5371
    -3.5992
    -3.6464
    -3.7052
    -3.7441
    -3.7963
    -3.8087
    -3.8410
    -3.8443
    -3.8592
    -3.8310
    -3.8128
    -3.7607
    -3.7342
    -3.6828
    -3.6307
    -3.5653
    -3.5255
    -3.4311
    -3.3616
    -3.2697
    -3.1827
    -3.0726
    -2.9890
    -2.8598
    -2.7861
    -2.6511
    -2.5733
    -2.4391
    -2.3886
    -2.2470
    -2.1699
    -2.0565
    -1.9496
    -1.7864
    -1.6200
    -1.4452
    -1.3085
    -1.1171
    -0.9084
    -0.6300
    -0.4129
    -0.1287
     0.0669
     0.3055
     0.4986
     0.7746
     1.0067
     1.2363
     1.4626
     1.7511
     2.0396
     2.4914
     2.7543
     2.7368
     2.9375
     3.1904
     3.4500
     3.7817
     4.0704
     4.4694
     4.6958
     4.9945
     5.3338
     5.7362
     6.0499
     6.3387
     6.5047
     6.6673
     6.7603
     6.8865
     6.9205
     6.9205
     6.7478
     6.5719
     6.1910
     5.9453
     5.5985
     5.3446
     5.0111
     4.7390
     4.3590
     4.0214
     3.5976
     3.2767
     2.8720
     2.5768
     2.1498
     1.8315
     1.4112
     1.1277
     0.6992
     0.4356
     0.1340
    -0.1262
    -0.4601
    -0.7128
    -1.0144
    -1.2033
    -1.4327
    -1.5239
    -1.6928
    -1.7467
    -1.9181
    -2.0532
    -2.3066
    -2.4225
    -2.6718
    -2.7960
    -3.0113
    -3.0950
    -3.2954
    -3.3608
    -3.5272
    -3.5702
    -3.7143
    -3.7499
    -3.8534
    -3.8435
    -3.9503
    -3.9354
    -4.0140
    -3.9933
    -4.0446
    -3.9792
    -4.0148
    -3.9296
    -3.9527
    -3.8534
    -3.8733
    -3.7367
    -3.7557
    -3.6398
    -3.6663
    -3.5620
    -3.5926
    -3.4883
    -3.5388
    -3.4477
    -3.5040
    -3.4262
    -3.4684
    -3.3724
    -3.3790
    -3.2589
    -3.2498
    -3.1240
    -3.0966
    -2.9385
    -2.9062
    -2.7074
    -2.6586
    -2.3588
    -2.0904
    -2.0730
    -1.9968
    -1.6763
    -1.5280
    -1.1569
    -0.9970
    -0.6581
    -0.5388
    -0.2157
    -0.1022
     0.2094
     0.3345
     0.6810
     0.7655
     1.0738
     1.2578
     1.6209
     1.8099
     2.2220
     2.3977
     2.9690
     3.1249
     3.6217
     3.8299
     4.2943
     4.4843
     4.9845
     5.1762
     5.6051
     5.8632
     6.2466
     6.3370
     6.6773
     6.6624
     6.9072
     6.8657
     7.1114
     6.9968
     7.1147
     6.8308
     6.7902
     6.3503
     6.1711
     5.6864
     5.4774
     4.9364
     4.6768
     4.1127
     3.8680
     3.2991
     3.0677
     2.5262
     2.2559
     1.6881
     1.4360
     0.8749
     0.6569
     0.1738
    -0.0085
    -0.5314
    -0.7054
    -1.1892
    -1.2911
    -1.6473
    -1.6224
    -1.8693
    -1.8163
    -2.1012
    -2.0971
    -2.3894
    -2.3853
    -2.6627
    -2.6544
    -2.9211
    -2.9037
    -3.1670
    -3.1306
    -3.3831
    -3.3467
    -3.5876
    -3.5620
    -3.7946
    -3.7607
    -3.9850
    -3.9080
    -4.0918
    -3.9635
    -4.1026
    -3.9337
    -4.0943
    -3.9022
    -4.0256
    -3.8501
    -3.9974
    -3.8228
    -3.9370
    -3.7292
    -3.8203
    -3.6820
    -3.4990
    -3.4759
    -3.5694
    -3.3955
    -3.4767
    -3.3053
    -3.4320
    -3.2904
    -3.3699
    -3.2034
    -3.2490
    -3.0676
    -3.1496
    -2.9269
    -2.9666
    -2.7265
    -2.7654
    -2.5087
    -2.5352
    -2.2586
    -2.3033
    -1.9811
    -2.0225
    -1.7243
    -1.6821
    -1.2323
    -1.1221
    -0.6996
    -0.6035
    -0.1883
    -0.0889
     0.3834
     0.5376
     0.9793
     1.1252
     1.5836
     1.7013
     2.1730
     2.2576
     2.7625
     2.9143
     3.3837
     3.4600
     3.9145
     3.9476
     4.3524
     4.3939
     4.9082
     4.9480
     5.4010
     5.4118
     5.8615
     5.8906
     6.3569
     6.2748
     6.6690
     6.4864
     6.8167
     6.5777
     6.7902
     6.4565
     6.5677
     6.1428
     6.1287
     5.5993
     5.5354
     4.9787
     4.8087
     4.1757
     4.0115
     3.4077
     3.2037
     2.6232
     2.4383
     1.8994
     1.7013
     1.1617
     0.9992
     0.4522
     0.2600
    -0.3027
    -0.4833
    -0.9746
    -1.0591
    -1.4849
    -1.4617
    -1.7707
    -1.7285
    -2.0548
    -2.0482
    -2.3654
    -2.3604
    -2.6519
    -2.6196
    -2.8987
    -2.8457
    -3.1157
    -3.0519
    -3.3020
    -3.4891
    -3.4394
    -3.4469
    -3.6853
    -3.5918
    -3.8244
    -3.7011
    -3.8451
    -3.6497
    -3.8542
    -3.7333
    -3.8989
    -3.7102
    -3.8393
    -3.6630
    -3.8045
    -3.6497
    -3.8037
    -3.6630
    -3.8277
    -3.6936
    -3.8203
    -3.6679
    -3.7425
    -3.5553
    -3.6348
    -3.4411
    -3.5214
    -3.3185
    -3.4096
    -3.2059
    -3.3053
    -3.0809
    -3.1711
    -2.9393
    -3.0072
    -2.7397
    -2.8109
    -2.5310
    -2.5658
    -2.2370
    -2.2403
    -1.8593
    -1.8660
    -1.4998
    -1.4675
    -1.0931
    -0.9970
    -0.6159
    -0.5446
    -0.1817
    -0.1477
     0.2533
     0.2616
     0.6669
     0.6992
     1.1766
     1.2562
     1.7411
     1.7967
     2.3488
     2.4309
     2.9209
     2.9848
     3.4600
     3.5752
     4.0662
     4.1027
     4.5888
     4.6311
     5.1571
     5.2658
     5.7329
     5.7719
     6.1993
     6.1594
     6.5453
     6.4997
     6.8333
     6.6781
     6.8798
     6.5785
     6.6781
     6.3130
     6.3229
     5.8391
     5.7487
     5.2376
     5.0783
     4.5009
     4.3076
     3.7030
     3.4989
     2.9110
     2.7750
     2.2228
     2.0586
     1.5430
     1.3333
     0.7895
     0.0776
    -0.0367
    -0.1171
    -0.6590
    -0.8238
    -1.3367
    -1.4062
    -1.7956
    -1.7823
    -2.1244
    -2.1302
    -2.4805
    -2.4714
    -2.7795
    -2.7265
    -3.0204
    -2.9790
    -3.2697
    -3.2341
    -3.5222
    -3.4626
    -3.7193
    -3.6472
    -3.8733
    -3.7623
    -3.9370
    -3.7971
    -3.9461
    -3.7789
    -3.9171
    -3.7333
    -3.8650
    -3.6911
    -3.8244
    -3.6605
    -3.7921
    -3.6323
    -3.7756
    -3.6381
    -3.8153
    -3.6713
    -3.8476
    -3.7093
    -3.8584
    -3.6845
    -3.7905
    -3.5984
    -3.7201
    -3.5023
    -3.6025
    -3.3823
    -3.4659
    -3.2266
    -3.3011
    -3.0486
    -3.1364
    -2.8449
    -2.9120
    -2.6122
    -2.7025
    -2.3720
    -2.3861
    -2.0565
    -2.1144
    -1.7624
    -1.7508
    -1.3425
    -1.2455
    -0.8238
    -0.7692
    -0.3491
    -0.2861
     0.1448
     0.1887
     0.6362
     0.7025
     1.1865
     1.2694
     1.7618
     1.8323
     2.3049
     2.3480
     2.7775
     2.8753
     3.3662
     3.4848
     4.0297
     4.1467
     4.6685
     4.7580
     5.2318
     5.3828
     5.9063
     5.9835
     6.4665
     6.4524
     6.8234
     6.6814
     6.9064
     6.6590
     6.5644
     6.6582
     6.6997
     6.3271
     6.3262
     5.7951
     5.6682
     5.0642
     4.8850
     4.2520
     4.0090
     3.4160
     3.2228
     2.7261
     2.6340
     2.1465
     2.0437
     1.5214
     1.4112
     0.8766
     0.6992
     0.1390
    -0.1030
    -0.6755
    -0.8785
    -1.3582
    -1.4783
    -1.8742
    -1.8908
    -2.1873
    -2.1617
    -2.4358
    -2.3820
    -2.6445
    -2.5840
    -2.8316
    -2.7935
    -3.0387
    -3.0014
    -3.2482
    -3.2200
    -3.4717
    -3.4220
    -3.6539
    -3.5794
    -3.7425
    -3.6638
    -3.8393
    -3.7433
    -3.8849
    -3.7623
    -3.8650
    -3.7052
    -3.8137
    -3.6539
    -3.7714
    -3.6348
    -3.7665
    -3.6406
    -3.7781
    -3.6414
    -3.7714
    -3.6423
    -3.7317
    -3.6034
    -3.7176
    -3.5810
    -3.6845
    -3.5115
    -3.6166
    -3.4361
    -3.4759
    -3.2531
    -3.2639
    -3.0370
    -3.0478
    -2.8010
    -2.8118
    -2.5733
    -2.5617
    -2.2751
    -2.2536
    -1.9695
    -1.9256
    -1.6721
    -1.5943
    -1.2745
    -1.1900
    -0.8346
    -0.7509
    -0.3723
    -0.2853
     0.0694
     0.1531
     0.5202
     0.6445
     1.0589
     1.2479
     1.6748
     1.8331
     2.3985
     2.7153
     2.8314
     2.9690
     3.4152
     3.5246
     3.9709
     4.1002
     4.5764
     4.6950
     5.1413
     5.2525
     5.5686
     5.6533
     6.0474
     6.0897
     6.4126
     6.3910
     6.6607
     6.5910
     6.7611
     6.5511
     6.6267
     6.3769
     6.3611
     6.0184
     5.8383
     5.2932
     5.0700
     4.5233
     4.3060
     3.8249
     3.5960
     3.1539
     2.9417
     2.4151
     2.1341
     1.6309
     1.3855
     0.8948
     0.7108
     0.2981
     0.1299
    -0.3201
    -0.4775
    -0.8620
    -0.9879
    -1.2944
    -1.2952
    -1.5272
    -1.5877
    -1.8709
    -1.9554
    -2.2453
    -2.2834
    -2.5724
    -2.6014
    -2.8664
    -2.8764
    -3.1215
    -3.1397
    -3.3922
    -3.4046
    -3.6232
    -3.6158
    -3.8103
    -3.7896
    -3.9610
    -3.9246
    -4.0703
    -4.0032
    -4.1026
    -4.0380
    -4.1374
    -4.0297
    -4.1100
    -3.9635
    -4.0248
    -3.8633
    -3.8998
    -3.7226
    -3.7747
    -3.6497
    -3.7193
    -3.6207
    -3.6878
    -3.5727
    -3.6580
    -3.5313
    -3.5570
    -3.3831
    -3.3964
    -3.2034
    -3.2308
    -3.0155
    -3.0188
    -2.8316
    -2.8316
    -2.6296
    -2.6437
    -2.3505
    -2.1741
    -2.1136
    -1.9712
    -1.6978
    -1.6407
    -1.3019
    -1.1735
    -0.7990
    -0.7128
    -0.3947
    -0.3242
    -0.0118
     0.0669
     0.4017
     0.5600
     0.9818
     1.1642
     1.6151
     1.8406
     2.2302
     2.3903
     2.7518
     2.8728
     3.2659
     3.4865
     3.9028
     4.0845
     4.5308
     4.6834
     5.0550
     5.2732
     5.6524
     5.7346
     6.0192
     6.0640
     6.2698
     6.2424
     6.4184
     6.3586
     6.5229
     6.3785
     6.4457
     6.2457
     6.2084
     5.8707
     5.6790
     5.2210
     5.0161
     4.6004
     4.3723
     3.9526
     3.6847
     3.2601
     3.0105
     2.5577
     2.2933
     1.8505
     1.6151
     1.1807
     0.9752
     0.5467
     0.3503
    -0.0649
    -0.2936
    -0.7261
    -0.9084
    -1.2729
    -1.3673
    -1.5587
    -1.5578
    -1.7848
    -1.8246
    -2.0714
    -2.1550
    -2.4143
    -2.4913
    -2.7174
    -2.7795
    -2.9915
    -3.0519
    -3.2995
    -3.3906
    -3.6108
    -3.6853
    -3.8691
    -3.8832
    -3.9983
    -3.9105
    -4.0057
    -3.9238
    -4.0190
    -3.9378
    -4.0082
    -3.8592
    -3.9213
    -3.8633
    -3.9577
    -3.8435
    -3.8716
    -3.7135
    -3.6009
    -3.5553
    -3.5487
    -3.3947
    -3.4022
    -3.3045
    -3.3260
    -3.2225
    -3.2597
    -3.1380
    -3.1447
    -3.0345
    -3.0221
    -2.9029
    -2.9062
    -2.7795
    -2.7795
    -2.6495
    -2.6014
    -2.4540
    -2.4109
    -2.2080
    -2.1683
    -1.9488
    -1.8560
    -1.5761
    -1.3880
    -1.0633
    -0.8951
    -0.5720
    -0.4212
    -0.0955
     0.0959
     0.4282
     0.6478
     1.0349
     1.2951
     1.7071
     1.9135
     2.3057
     2.5752
     2.8961
     3.1158
     3.5520
     3.7809
     4.1616
     4.3275
     4.6726
     4.8145
     5.0816
     5.1911
     5.4467
     5.5188
     5.8167
     5.8781
     6.1462
     6.2001
     6.3619
     6.3420
     6.4067
     6.2947
     6.3304
     6.1362
     6.1188
     5.8980
     5.7736
     5.4442
     5.2367
     4.8252
     4.5332
     4.1152
     3.8539
     3.4301
     3.1863
     2.7750
     2.5296
     2.0992
     1.8033
     1.4054
     1.1078
     0.7481
     0.5160
     0.1299
    -0.1419
    -0.5239
    -0.7899
    -1.1030
    -1.2952
    -1.5504
    -1.6581
    -1.8560
    -1.9239
    -2.1327
    -2.2105
    -2.4366
    -2.5285
    -2.7273
    -2.7960
    -2.9824
    -3.2374
    -3.2904
    -3.2854
    -3.4817
    -3.5446
    -3.7226
    -3.7300
    -3.8948
    -3.8807
    -4.0107
    -3.9825
    -4.0653
    -4.0074
    -4.0645
    -3.9701
    -4.0181
    -3.9097
    -3.9585
    -3.8849
    -3.9262
    -3.8294
    -3.8666
    -3.7880
    -3.8252
    -3.7524
    -3.7963
    -3.7251
    -3.7383
    -3.6605
    -3.6265
    -3.5032
    -3.4510
    -3.3169
    -3.2573
    -3.1032
    -3.0362
    -2.8929
    -2.8242
    -2.6470
    -2.5973
    -2.4267
    -2.3894
    -2.1998
    -2.1484
    -1.9297
    -1.7450
    -1.3607
    -1.1221
    -0.7808
    -0.5753
    -0.2820
    -0.0897
     0.1953
     0.3611
     0.6702
     0.8484
     1.1691
     1.3217
     1.6209
     1.8215
     2.1581
     2.3115
     2.6581
     2.8314
     3.1946
     3.4069
     3.7328
     3.9427
     4.2048
     4.4710
     4.7058
     4.9049
     5.1762
     5.2608
     5.5686
     5.6483
     5.8524
     5.8176
     5.9893
     6.0034
     6.0814
     5.9561
     6.0167
     5.8607
     5.8516
     5.6574
     5.5943
     5.2766
     5.0111
     4.5938
     4.3300
     3.9368
     3.7146
     3.3405
     3.1266
     2.7758
     2.5594
     2.2526
     2.0653
     1.7013
     1.0755
     0.8848
     0.8393
     0.4274
     0.1580
    -0.2845
    -0.5571
    -0.9191
    -1.1296
    -1.4377
    -1.5769
    -1.7856
    -1.8668
    -2.0581
    -2.1269
    -2.3265
    -2.4176
    -2.6635
    -2.7654
    -2.9724
    -3.0759
    -3.2672
    -3.3351
    -3.5297
    -3.5943
    -3.7648
    -3.7954
    -3.9147
    -3.8749
    -3.9618
    -3.9163
    -3.9974
    -3.9850
    -4.0562
    -4.0115
    -4.0670
    -3.9925
    -3.9759
    -3.8956
    -3.9072
    -3.8584
    -3.9254
    -3.8600
    -3.8625
    -3.7896
    -3.7723
    -3.6646
    -3.6506
    -3.5437
    -3.5404
    -3.3848
    -3.3268
    -3.1711
    -3.1471
    -3.0122
    -2.9989
    -2.8192
    -2.7687
    -2.6337
    -2.6188
    -2.4499
    -2.4027
    -2.1923
    -2.1144
    -1.8693
    -1.6456
    -1.3251
    -1.1511
    -0.8794
    -0.7344
    -0.5032
    -0.3831
    -0.1063
     0.0470
     0.3528
     0.5086
     0.8235
     1.0199
     1.3946
     1.5944
     1.9127
     2.0918
     2.4524
     2.6415
     2.9632
     3.1606
     3.5578
     3.7502
     4.1915
     4.4611
     4.9049
     5.0044
     5.2799
     5.3429
     5.6093
     5.6798
     5.9337
     5.9669
     6.2325
     6.1694
     6.1470
     6.1163
     6.1835
     5.9935
     6.0209
     5.8259
     5.8084
     5.4649
     5.2558
     4.7589
     4.5606
     4.1492
     3.9460
     3.5064
     3.3140
     2.8861
     2.6531
     2.2477
     2.0362
     1.6408
     1.4095
     0.9984
     0.8359
     0.4216
     0.1912
    -0.2737
    -0.4767
    -0.8686
    -0.9788
    -1.2522
    -1.3582
    -1.6431
    -1.7160
    -1.9943
    -2.0838
    -2.3430
    -2.4118
    -2.6942
    -2.7414
    -2.9973
    -3.0676
    -3.2904
    -3.3094
    -3.5098
    -3.5057
    -3.6845
    -3.6936
    -3.8534
    -3.8617
    -4.0306
    -4.0256
    -4.1539
    -4.1183
    -4.2259
    -4.1266
    -4.1382
    -3.9867
    -4.0049
    -3.7913
    -3.7176
    -3.5785
    -3.6340
    -3.5553
    -3.6290
    -3.5926
    -3.6928
    -3.6232
    -3.6812
    -3.5371
    -3.5587
    -3.3897
    -3.3873
    -3.1778
    -3.1662
    -2.9939
    -3.0213
    -2.8200
    -2.8300
    -2.6445
    -2.6594
    -2.4673
    -2.4341
    -2.2064
    -2.1020
    -1.8196
    -1.7003
    -1.4303
    -1.3499
    -1.0765
    -0.9506
    -0.6830
    -0.5770
    -0.2886
    -0.1610
     0.1771
     0.3113
     0.6975
     0.9039
     1.3333
     1.5289
     2.1200
     2.3065
     2.5030
     2.6771
     3.0445
     3.2277
     3.5868
     3.7320
     4.1052
     4.3292
     4.7722
     4.9007
     5.2152
     5.3181
     5.7014
     5.7703
     6.0167
     5.9686
     6.1478
     6.1993
     6.3063
     6.2001
     6.2731
     6.1262
     6.1594
     5.9462
     5.8225
     5.4699
     5.3164
     4.9447
     4.7589
     4.4179
     4.2363
     3.8174
     3.6690
     3.2734
     3.0826
     2.6763
     2.4657
     2.0528
     1.7975
     1.3333
     1.0572
     0.6031
     0.3196
    -0.0906
    -0.3325
    -0.7642
    -0.9862
    -1.3135
    -1.4767
    -1.7169
    -1.8146
    -2.0432
    -2.1426
    -2.3613
    -2.4408
    -2.6635
    -2.7049
    -2.9318
    -3.0544
    -3.2763
    -3.3508
    -3.5529
    -3.6158
    -3.7574
    -3.7863
    -3.9080
    -3.8989
    -3.9991
    -3.9676
    -4.0521
    -4.0231
    -4.0736
    -4.0016
    -3.9925
    -3.8824
    -3.9022
    -3.7789
    -3.8153
    -3.7333
    -3.7598
    -3.6530
    -3.6779
    -3.5678
    -3.6133
    -3.5164
    -3.6067
    -3.5057
    -3.5744
    -3.4427
    -3.4618
    -3.3392
    -3.3326
    -3.1869
    -3.1314
    -2.9832
    -2.9219
    -2.7405
    -2.6942
    -2.4954
    -2.4648
    -2.3430
    -2.2528
    -2.0739
    -1.9654
    -1.7641
    -1.5785
    -1.2265
    -0.9746
    -0.6573
    -0.5040
    -0.2248
    -0.0392
     0.2202
     0.3544
     0.6205
     0.7804
     1.0490
     1.2429
     1.5107
     1.7287
     2.0238
     2.1830
     2.4964
     2.6821
     3.0304
     3.2593
     3.5727
     3.8265
     4.1857
     4.4295
     4.7738
     5.0658
     5.3147
     5.4691
     5.7296
     5.8076
     5.9022
     5.9080
     6.0134
     5.9976
     6.1130
     6.1155
     6.1155
     6.0209
     5.9379
     5.7064
     5.5346
     5.3720
     5.1579
     4.7730
     4.5664
     4.2520
     3.9070
     3.4749
     3.1672
     2.8098
     2.5038
     2.1059
     1.7958
     1.4427
     1.1343
     0.7680
     0.4895
     0.1249
    -0.1842
    -0.5140
    -0.8255
    -1.1643
    -1.4452
    -1.7450
    -1.8742
    -2.0142
    -2.1302
    -2.3174
    -2.4267
    -2.5476
    -2.5509
    -2.7107
    -2.8747
    -3.1132
    -3.2589
    -3.4278
    -3.5206
    -3.6481
    -3.7242
    -3.7971
    -3.8468
    -3.9461
    -3.9834
    -4.0430
    -4.0322
    -4.0695
    -4.0223
    -4.0190
    -3.9585
    -3.9676
    -3.8998
    -3.8931
    -3.8401
    -3.8269
    -3.7259
    -3.7011
    -3.6497
    -3.6340
    -3.5752
    -3.5744
    -3.5255
    -3.4957
    -3.4510
    -3.3997
    -3.3343
    -3.2713
    -3.2076
    -3.1546
    -3.0850
    -3.0055
    -2.9211
    -2.8424
    -2.7704
    -2.6851
    -2.4938
    -2.3455
    -2.1906
    -2.0639
    -1.8014
    -1.5918
    -1.2985
    -1.0566
    -0.8371
    -0.6308
    -0.4386
    -0.2372
    -0.0467
     0.1497
     0.3561
     0.6147
     0.9081
     1.2081
     1.4651
     1.7676
     2.0412
     2.2999
     2.5975
     2.8878
     3.2203
     3.5495
     3.8489
     4.1027
     4.2844
     4.5880
     4.8692
     5.0924
     5.2309
     5.5047
     5.6790
     5.8308
     5.9594
     6.0292
     5.9902
     5.9603
     5.9163
     5.8964
     5.8151
     5.7686
     5.6757
     5.6367
     5.4699
     5.3662
     5.2060
     5.0725
     4.7730
     4.4669
     4.1044
     3.8265
     3.4915
     3.2062
     2.8413
     2.4765
     2.0039
     1.5753
     1.1982
     0.8832
     0.5384
     0.2135
    -0.1229
    -0.3831
    -0.6673
    -0.8984
    -1.0832
    -1.1693
    -1.3176
    -1.4187
    -1.6307
    -1.8303
    -2.1012
    -2.2826
    -2.4747
    -2.6271
    -2.9732
    -3.1687
    -3.1629
    -3.3152
    -3.4618
    -3.5785
    -3.7052
    -3.7855
    -3.8931
    -3.9511
    -4.0041
    -4.0339
    -4.0628
    -4.0115
    -4.0049
    -3.9974
    -3.9966
    -3.9643
    -3.9387
    -3.8617
    -3.8203
    -3.7102
    -3.6977
    -3.6530
    -3.6323
    -3.5868
    -3.6050
    -3.5504
    -3.5529
    -3.4750
    -3.4874
    -3.3997
    -3.3724
    -3.3036
    -3.2846
    -3.2175
    -3.1778
    -3.0825
    -3.0246
    -2.9376
    -2.8929
    -2.7977
    -2.7364
    -2.5981
    -2.4474
    -2.2776
    -2.1103
    -1.9281
    -1.7583
    -1.5346
    -1.3159
    -0.9597
    -0.6275
    -0.2240
     0.0677
     0.4008
     0.6470
     0.9487
     1.1832
     1.4908
     1.6980
     1.9326
     2.1407
     2.3952
     2.5909
     2.8413
     3.0553
     3.3397
     3.5064
     3.7809
     4.0289
     4.3093
     4.5955
     4.9124
     5.1305
     5.4151
     5.5553
     5.7819
     5.9287
     6.0350
     6.0615
     6.0980
     6.0209
     6.0516
     5.9619
     5.9204
     5.8018
     5.6616
     5.4043
     5.1977
     4.9547
     4.7357
     4.4569
     4.2180
     3.9966
     3.8440
     3.5810
     3.2244
     2.8438
     2.6033
     1.9218
     1.5670
     1.5322
     1.2413
     0.8500
     0.5450
     0.1688
    -0.1395
    -0.4759
    -0.7228
    -1.0277
    -1.2058
    -1.4187
    -1.5247
    -1.7310
    -1.8461
    -2.0474
    -2.1890
    -2.3613
    -2.4822
    -2.6561
    -2.7853
    -2.9658
    -3.0917
    -3.2647
    -3.3715
    -3.5057
    -3.5992
    -3.7151
    -3.7458
    -3.8724
    -3.8907
    -4.0123
    -4.0024
    -4.0662
    -4.0397
    -4.1109
    -4.0504
    -4.0736
    -3.9776
    -3.9726
    -3.8849
    -3.8716
    -3.7574
    -3.7855
    -3.7226
    -3.7665
    -3.7276
    -3.7590
    -3.6953
    -3.6862
    -3.5818
    -3.4858
    -3.3483
    -3.2978
    -3.1952
    -3.1562
    -3.0503
    -3.0411
    -2.9227
    -2.8904
    -2.7422
    -2.6503
    -2.4540
    -2.3886
    -2.2080
    -2.1161
    -1.8527
    -1.7310
    -1.4692
    -1.1627
    -0.6921
    -0.4924
    -0.1005
     0.0975
     0.4705
     0.6304
     0.9760
     1.1227
     1.4617
     1.6284
     1.9707
     2.1183
     2.4732
     2.6199
     3.0130
     3.1697
     3.4915
     3.6150
     3.9327
     4.0662
     4.3906
     4.5449
     4.8717
     4.9878
     5.2815
     5.3579
     5.5620
     5.4906
     5.6483
     5.7254
     5.6101
     5.6458
     5.7711
     5.6607
     5.6981
     5.5031
     5.5454
     5.2575
     5.2948
     5.0036
     4.9779
     4.6502
     4.5150
     4.1890
     4.0389
     3.6706
     3.5172
     3.1374
     2.9425
     2.4839
     2.2402
     1.8547
     1.6963
     1.2761
     1.0539
     0.5716
     0.3089
    -0.1295
    -0.3541
    -0.7418
    -0.8744
    -1.2364
    -1.3574
    -1.6605
    -1.7094
    -1.9877
    -2.0482
    -2.3157
    -2.3820
    -2.6619
    -2.7364
    -3.0146
    -3.1066
    -3.3831
    -3.4518
    -3.6845
    -3.7102
    -3.8600
    -3.8352
    -3.9718
    -3.9122
    -4.0148
    -3.9056
    -4.0107
    -3.9436
    -4.0405
    -3.9685
    -4.0521
    -3.9122
    -3.9710
    -3.8526
    -3.8940
    -3.7532
    -3.8029
    -3.6655
    -3.7226
    -3.5860
    -3.6348
    -3.4750
    -3.5404
    -3.3873
    -3.4419
    -3.2722
    -3.3202
    -3.1364
    -3.1869
    -3.0014
    -3.0743
    -2.8747
    -2.9327
    -2.7339
    -2.7505
    -2.5062
    -2.4913
    -2.2229
    -2.2163
    -1.9314
    -1.8809
    -1.5090
    -1.4054
    -1.0310
    -0.7045
    -0.2323
    -0.0566
     0.3685
     0.5285
     0.9329
     1.0307
     1.4402
     2.0396
     2.1664
     2.2311
     2.6241
     2.7368
     3.1332
     3.2137
     3.5810
     3.6880
     4.0206
     3.9932
     4.2703
     4.2645
     4.6046
     4.5548
     4.8958
     4.9464
     5.2119
     5.1969
     5.4823
     5.4491
     5.7445
     5.6234
     5.9080
     5.8117
     6.0375
     5.8615
     6.0798
     5.9005
     6.0532
     5.7810
     5.7902
     5.3131
     5.1413
     4.6295
     4.4768
     3.9692
     3.8000
     3.2642
     3.0669
     2.5652
     2.3397
     1.8041
     1.6507
     1.1940
     1.0374
     0.5740
     0.4423
    -0.0102
    -0.2008
    -0.6391
    -0.7435
    -1.1370
    -1.2248
    -1.5545
    -1.3880
    -1.6879
    -1.7326
    -2.0913
    -2.1832
    -2.5128
    -2.5716
    -2.9302
    -3.0122
    -3.3566
    -3.4005
    -3.6638
    -3.6448
    -3.8459
    -3.7383
    -3.9246
    -3.8352
    -3.9991
    -3.8211
    -3.9287
    -3.7731
    -3.8774
    -3.6920
    -3.7971
    -3.6713
    -3.8178
    -3.6563
    -3.8029
    -3.6646
    -3.8153
    -3.7201
    -3.8716
    -3.7458
    -3.8509
    -3.6522
    -3.6911
    -3.4941
    -3.5181
    -3.2871
    -3.3690
    -3.2018
    -3.2680
    -3.0900
    -3.1422
    -2.9302
    -2.6776
    -2.6933
    -2.6718
    -2.3687
    -2.3348
    -2.0117
    -2.0209
    -1.7044
    -1.6572
    -1.2223
    -1.1229
    -0.7170
    -0.6134
    -0.1917
    -0.0715
     0.3097
     0.3959
     0.8152
     0.9197
     1.3590
     1.5181
     1.9923
     2.1084
     2.5213
     2.6108
     3.0022
     3.0619
     3.4583
     3.5056
     3.8937
     3.9194
     4.2993
     4.3449
     4.7423
     4.7282
     5.1081
     5.1181
     5.4782
     5.4541
     5.8018
     5.7495
     6.1138
     6.0939
     6.4914
     6.4067
     6.6474
     6.3818
     6.4482
     6.0922
     6.1420
     5.7371
     5.7105
     5.2865
     5.2376
     4.8178
     4.7439
     4.2844
     4.1832
     3.7021
     3.6009
     3.1158
     2.9367
     2.4334
     2.3272
     1.8190
     1.6748
     1.1219
     0.9139
     0.3635
     0.2252
    -0.3085
    -0.4212
    -0.9316
    -1.0061
    -1.4526
    -1.4750
    -1.8693
    -1.8320
    -2.2080
    -2.2362
    -2.6147
    -2.6238
    -2.9674
    -2.9277
    -3.2150
    -3.1811
    -3.4941
    -3.4676
    -3.7267
    -3.6464
    -3.8584
    -3.7209
    -3.8757
    -3.6762
    -3.7905
    -3.6232
    -3.7408
    -3.5520
    -3.7035
    -3.5818
    -3.6315
    -3.7623
    -3.8062
    -3.6820
    -3.8791
    -3.7342
    -3.9262
    -3.7839
    -3.9503
    -3.7739
    -3.8766
    -3.6216
    -3.6804
    -3.4146
    -3.5131
    -3.2523
    -3.3434
    -3.0991
    -3.1844
    -2.9062
    -2.9939
    -2.6851
    -2.7265
    -2.3778
    -2.4250
    -2.1111
    -2.1534
    -1.8163
    -1.8096
    -1.4419
    -1.4154
    -0.9688
    -0.8238
    -0.3789
    -0.2596
     0.2152
     0.2716
     0.7390
     0.7473
     1.1824
     1.1907
     1.6300
     1.6781
     2.1324
     2.2526
     2.7866
     2.8455
     3.3397
     3.4077
     3.9145
     3.9161
     4.3781
     4.3682
     4.8153
     4.7871
     5.2367
     5.1704
     5.5636
     5.4657
     5.8806
     5.8574
     6.2814
     6.1296
     6.4474
     6.2989
     6.6516
     6.4723
     6.6640
     6.4823
     6.5271
     6.0117
     6.0092
     5.4915
     5.5305
     5.0609
     5.0053
     4.4602
     4.3980
     3.8315
     3.8149
     3.3322
     3.2228
     2.6506
     2.4856
     1.9061
     1.7535
     1.1716
     1.0141
     0.4713
     0.3379
    -0.1743
    -0.2803
    -0.7062
    -0.6764
    -1.0277
    -0.9970
    -1.3739
    -1.4004
    -1.8005
    -1.8386
    -2.2014
    -2.4755
    -2.5815
    -2.6014
    -2.9219
    -2.8979
    -3.2142
    -3.1604
    -3.4154
    -3.3252
    -3.5661
    -3.4552
    -3.6704
    -3.5553
    -3.7615
    -3.6605
    -3.9064
    -3.7673
    -3.9859
    -3.8633
    -4.0579
    -3.8534
    -4.0778
    -3.9163
    -4.1316
    -3.9428
    -4.0910
    -3.8700
    -3.9436
    -3.6472
    -3.6977
    -3.4295
    -3.5255
    -3.2440
    -3.3359
    -3.0801
    -3.1869
    -2.9376
    -3.0006
    -2.7662
    -2.8664
    -2.6312
    -2.7364
    -2.4722
    -2.5716
    -2.3099
    -2.3936
    -2.1028
    -2.1840
    -1.8411
    -1.8461
    -1.5305
    -1.4990
    -1.1436
    -1.0964
    -0.5803
    -0.4030
     0.1804
     0.3097
     0.7688
     0.8484
     1.3241
     1.4004
     1.8970
     1.9807
     2.5229
     2.6888
     3.2883
     3.3953
     3.9684
     4.0223
     4.4868
     4.5473
     4.9812
     4.9314
     5.3703
     5.4516
     5.8839
     5.7786
     6.1345
     6.0358
     6.3238
     6.1661
     6.3702
     6.1528
     6.4209
     6.1594
     6.3628
     6.0565
     6.1818
     5.8084
     5.8317
     5.4151
     5.4326
     4.9663
     4.9654
     4.5092
     4.5357
     4.1251
     4.0696
     3.4160
     3.1100
     2.9956
     2.9126
     2.3546
     2.1548
     1.5745
     1.3871
     0.8210
     0.6636
     0.1555
     0.0312
    -0.4759
    -0.4800
    -0.8238
    -0.8520
    -1.2787
    -1.3623
    -1.8378
    -1.9148
    -2.3629
    -2.3886
    -2.7165
    -2.6660
    -2.9608
    -2.8954
    -3.1538
    -3.0478
    -3.2498
    -3.1463
    -3.3856
    -3.2929
    -3.5529
    -3.4932
    -3.7408
    -3.6597
    -3.8625
    -3.7342
    -3.8815
    -3.7251
    -3.8666
    -3.7309
    -3.8815
    -3.7425
    -3.8493
    -3.6770
    -3.7996
    -3.6075
    -3.6762
    -3.4817
    -3.5578
    -3.3699
    -3.5123
    -3.3218
    -3.4444
    -3.2771
    -3.4171
    -3.2606
    -3.3732
    -3.2101
    -3.2904
    -3.0759
    -3.1480
    -2.9178
    -3.0047
    -2.7695
    -2.8234
    -2.5418
    -2.5410
    -2.1906
    -2.1724
    -1.7699
    -1.6970
    -1.2265
    -1.0740
    -0.4941
    -0.2787
     0.2658
     0.4091
     0.8708
     0.9561
     1.4012
     1.5015
     1.9450
     2.0180
     2.5005
     2.6357
     3.2344
     3.4284
     3.8829
     3.9825
     4.4229
     4.4835
     4.8941
     4.9563
     5.3604
     5.3977
     5.7445
     5.6981
     5.9777
     6.0648
     5.9611
     5.9088
     6.1063
     5.9213
     6.1130
     5.8980
     6.0565
     5.8740
     5.9910
     5.7279
     5.8142
     5.4583
     5.4093
     5.0144
     4.9281
     4.4934
     4.3740
     3.9443
     3.9186
     3.5387
     3.4765
     2.9972
     2.9267
     2.4964
     2.4002
     1.9401
     1.7618
     1.2810
     1.0564
     0.5948
     0.4108
    -0.1071
    -0.2795
    -0.7087
    -0.7750
    -1.1196
    -1.1942
    -1.5520
    -1.6688
    -2.0672
    -2.2031
    -2.5782
    -2.6950
    -2.9989
    -3.0585
    -3.3343
    -3.3276
    -3.5504
    -3.5305
    -3.6828
    -3.6332
    -3.7632
    -3.6754
    -3.7656
    -3.6754
    -3.8286
    -3.7607
    -3.8832
    -3.7913
    -3.8608
    -3.7383
    -3.7847
    -3.5976
    -3.6729
    -3.5545
    -3.6580
    -3.5380
    -3.6506
    -3.5023
    -3.5661
    -3.4171
    -3.5023
    -3.3434
    -3.4634
    -3.3351
    -3.4361
    -3.2796
    -3.3897
    -3.2573
    -3.3467
    -3.1836
    -3.2821
    -3.1894
    -3.2490
    -3.0966
    -3.1347
    -2.8979
    -2.8863
    -2.6114
    -2.5211
    -2.1575
    -1.9496
    -1.5297
    -1.2629
    -0.6855
    -0.3748
     0.1290
     0.3511
     0.8044
     1.3457
     1.4419
     1.4800
     1.8796
     2.0022
     2.4425
     2.6506
     3.1531
     3.2767
     3.6706
     3.7826
     4.1243
     4.1774
     4.5390
     4.6552
     4.9323
     4.8958
     5.1671
     5.1637
     5.3977
     5.3844
     5.6267
     5.5031
     5.6856
     5.6151
     5.8756
     5.7877
     5.9536
     5.8084
     5.9503
     5.7752
     5.8541
     5.6549
     5.6358
     5.2293
     5.0260
     4.5938
     4.4403
     4.0273
     3.8804
     3.4666
     3.3281
     2.8712
     2.7053
     2.2858
     2.0752
     1.6176
     1.4377
     1.0655
     0.8393
     0.4207
     0.2053
    -0.2207
    -0.3996
    -0.7261
    -0.7717
    -1.0550
    -1.0997
    -1.4013
    -1.5164
    -1.8511
    -2.0217
    -2.3447
    -2.4515
    -2.7066
    -2.7563
    -3.0113
    -3.0701
    -3.3235
    -3.3897
    -3.5794
    -3.5736
    -3.7184
    -3.6605
    -3.7433
    -3.6762
    -3.7565
    -3.6373
    -3.7267
    -3.6464
    -3.7656
    -3.7002
    -3.8435
    -3.7789
    -3.8964
    -3.7723
    -3.8145
    -3.6679
    -3.7077
    -3.5794
    -3.6464
    -3.5512
    -3.6307
    -3.5545
    -3.5967
    -3.4767
    -3.5338
    -3.4046
    -3.4734
    -3.3806
    -3.3425
    -3.3964
    -3.3864
    -3.2747
    -3.3020
    -3.1604
    -3.1281
    -2.9211
    -2.8292
    -2.5178
    -2.3348
    -1.9753
    -1.7417
    -1.3226
    -1.1014
    -0.6706
    -0.4610
    -0.0823
     0.0743
     0.3950
     0.5915
     0.8848
     1.0208
     1.3672
     1.5786
     1.9542
     2.1631
     2.5511
     2.7800
     3.1573
     3.3795
     3.7859
     3.9526
     4.2363
     4.3524
     4.7191
     4.9231
     5.2119
     5.3794
     5.6616
     5.6964
     5.8557
     5.8507
     6.0142
     5.9736
     6.1196
     5.9960
     6.0814
     5.8823
     5.8922
     5.6757
     5.5728
     5.2641
     5.1513
     4.8327
     4.7108
     4.3673
     4.2039
     3.8597
     3.6457
     3.2692
     3.0959
     2.7501
     2.4773
     2.0785
     1.8356
     1.4816
     1.2429
     0.8459
     0.6221
     0.2459
     0.0395
    -0.3151
    -0.4808
    -0.7882
    -0.9307
    -1.1817
    -1.1552
    -1.3367
    -1.4435
    -1.7434
    -1.8974
    -2.1633
    -2.2759
    -2.5037
    -2.6130
    -2.8482
    -2.9128
    -3.1016
    -3.1471
    -3.3136
    -3.3235
    -3.4659
    -3.4610
    -3.5562
    -3.5471
    -3.6514
    -3.6125
    -3.6878
    -3.6439
    -3.6746
    -3.7449
    -3.7499
    -3.7184
    -3.7880
    -3.7251
    -3.7623
    -3.7300
    -3.7888
    -3.7342
    -3.7598
    -3.7011
    -3.7739
    -3.7284
    -3.7814
    -3.7648
    -3.7805
    -3.7002
    -3.6754
    -3.5736
    -3.5454
    -3.4303
    -3.4055
    -3.2622
    -3.2101
    -3.0503
    -2.9832
    -2.7439
    -2.6213
    -2.3621
    -2.2039
    -1.9165
    -1.7384
    -1.4584
    -1.3209
    -0.9050
    -0.6217
    -0.3242
    -0.1179
     0.1995
     0.3785
     0.6917
     0.8882
     1.1733
     1.3830
     1.7436
     2.0943
     2.5412
     2.8372
     3.2634
     3.5246
     3.9460
     4.2114
     4.5432
     4.8078
     5.1339
     5.2724
     5.4881
     5.5495
     5.7810
     5.8084
     5.8922
     5.8673
     5.8715
     5.7678
     5.8308
     5.7089
     5.7462
     5.6416
     5.6275
     5.3969
     5.2741
     4.9845
     4.8551
     4.5606
     4.3781
     4.0953
     3.9236
     3.5926
     3.3215
     2.9425
     2.6995
     2.3919
     2.1531
     1.7884
     1.5446
     1.1824
     1.0456
     0.7539
     0.5740
     0.2616
     0.0892
    -0.2149
    -0.3300
    -0.5695
    -0.6490
    -0.8272
    -0.8943
    -1.0674
    -1.1585
    -1.5032
    -1.6904
    -1.7699
    -2.0068
    -2.3198
    -2.5310
    -2.8167
    -2.9766
    -3.2109
    -3.2945
    -3.4659
    -3.5073
    -3.6456
    -3.6439
    -3.7408
    -3.6920
    -3.7607
    -3.6862
    -3.7317
    -3.6696
    -3.7044
    -3.6679
    -3.7176
    -3.6307
    -3.6348
    -3.5603
    -3.5943
    -3.5098
    -3.5595
    -3.5264
    -3.6373
    -3.5918
    -3.6812
    -3.6373
    -3.7035
    -3.6439
    -3.6795
    -3.5868
    -3.6158
    -3.5222
    -3.5752
    -3.4576
    -3.4651
    -3.3591
    -3.3285
    -3.1430
    -3.0817
    -2.8068
    -2.6594
    -2.3911
    -2.2304
    -1.9289
    -1.7616
    -1.4767
    -1.2538
    -0.8968
    -0.6838
    -0.2928
    -0.0616
     0.2914
     0.4804
     0.8202
     1.0108
     1.3672
     1.5388
     1.8605
     2.0528
     2.4168
     2.6324
     3.0204
     3.2087
     3.5645
     3.7411
     4.2280
     4.4909
     4.8194
     4.9771
     5.2484
     5.3405
     5.5396
     5.5719
     5.8748
     5.8748
     5.9603
     5.8093
     5.8524
     5.6981
     5.7089
     5.4989
     5.4890
     5.2143
     5.1563
     4.9024
     4.7896
     4.4951
     4.4063
     4.0754
     3.9932
     3.7336
     3.5346
     2.9458
     2.6821
     2.5660
     2.4209
     2.0860
     1.9169
     1.5712
     1.3581
     0.9603
     0.7464
     0.3304
     0.0818
    -0.3458
    -0.5380
    -0.8802
    -0.9970
    -1.2348
    -1.1677
    -1.2828
    -1.3855
    -1.6481
    -1.8055
    -2.0821
    -2.1790
    -2.4333
    -2.5095
    -2.7588
    -2.8623
    -3.1173
    -3.1910
    -3.3831
    -3.3782
    -3.5073
    -3.4833
    -3.5818
    -3.5404
    -3.6125
    -3.5421
    -3.6050
    -3.5413
    -3.5744
    -3.4866
    -3.5479
    -3.4957
    -3.5810
    -3.5404
    -3.6315
    -3.6158
    -3.7242
    -3.7044
    -3.8219
    -3.7971
    -3.8998
    -3.8534
    -3.9147
    -3.7896
    -3.7971
    -3.7251
    -3.7830
    -3.5943
    -3.6108
    -3.4204
    -3.4096
    -3.2399
    -3.2291
    -3.0908
    -3.0536
    -2.8788
    -2.8035
    -2.5443
    -2.4134
    -2.1144
    -1.8776
    -1.5636
    -1.2696
    -0.8247
    -0.5007
    -0.1312
     0.1158
     0.4025
     0.5757
     0.8384
     0.9777
     1.2056
     1.3432
     1.5969
     1.7552
     2.0793
     2.2750
     2.6689
     2.9251
     3.2991
     3.5396
     3.8581
     4.1251
     4.4876
     4.6875
     4.9522
     5.0957
     5.3861
     5.6773
     5.7487
     5.6748
     5.7993
     5.7968
     5.9113
     5.8317
     5.8839
     5.7396
     5.6972
     5.4873
     5.3629
     5.1339
     4.9207
     4.5913
     4.3773
     4.0438
     3.8050
     3.4558
     3.2883
     2.9300
     2.6564
     2.2468
     2.0114
     1.6715
     1.4493
     1.1443
     1.0216
     0.7141
     0.4746
     0.1481
    -0.0641
    -0.3615
    -0.5115
    -0.7286
    -0.8429
    -1.0003
    -1.0169
    -1.1627
    -1.2273
    -1.4477
    -1.5877
    -1.8188
    -1.9778
    -2.2089
    -2.3820
    -2.6329
    -2.7737
    -3.0055
    -3.1513
    -3.3483
    -3.4618
    -3.5951
    -3.6299
    -3.7102
    -3.7300
    -3.8054
    -3.8335
    -3.8799
    -3.8559
    -3.8708
    -3.8335
    -3.8103
    -3.7449
    -3.7102
    -3.6000
    -3.5636
    -3.5578
    -3.6373
    -3.6506
    -3.7234
    -3.7251
    -3.7888
    -3.7921
    -3.8012
    -3.6853
    -3.6315
    -3.5752
    -3.5504
    -3.4866
    -3.4320
    -3.3218
    -3.2498
    -3.1471
    -3.0536
    -2.9161
    -2.7927
    -2.6279
    -2.4656
    -2.3016
    -2.1583
    -2.0010
    -1.8171
    -1.6200
    -1.4294
    -1.2348
    -1.0053
    -0.5753
    -0.2356
     0.0776
     0.6196
     0.8326
     0.8583
     1.0473
     1.2844
     1.5355
     1.7933
     2.0686
     2.4599
     2.7783
     3.0602
     3.3339
     3.6341
     3.8514
     4.1251
     4.3574
     4.6129
     4.8120
     5.0459
     5.2766
     5.4691
     5.6068
     5.7462
     5.7885
     5.9221
     5.8607
     5.8740
     5.8059
     5.7545
     5.6541
     5.5454
     5.3479
     5.1886
     4.9049
     4.6850
     4.3615
     4.1401
     3.8232
     3.6109
     3.2750
     3.0097
     2.6888
     2.4665
     2.1407
     1.8530
     1.5281
     1.3043
     1.0083
     0.7357
     0.4042
     0.1398
    -0.1883
    -0.4253
    -0.7145
    -0.8885
    -1.1022
    -1.1859
    -1.2182
    -1.3317
    -1.5255
    -1.6589
    -1.8718
    -2.0714
    -2.3124
    -2.5029
    -2.7571
    -2.9120
    -3.1206
    -3.2390
    -3.3989
    -3.4469
    -3.5471
    -3.5587
    -3.6464
    -3.6547
    -3.7276
    -3.7259
    -3.8004
    -3.7673
    -3.8112
    -3.7747
    -3.8286
    -3.7930
    -3.8385
    -3.7938
    -3.8269
    -3.7449
    -3.7913
    -3.7408
    -3.7789
    -3.7458
    -3.7938
    -3.7532
    -3.7574
    -3.6911
    -3.6845
    -3.6009
    -3.5777
    -3.4717
    -3.4684
    -3.3235
    -3.1546
    -3.1993
    -3.1157
    -2.9525
    -2.8639
    -2.6917
    -2.5650
    -2.4126
    -2.2801
    -2.0747
    -1.9712
    -1.7649
    -1.6465
    -1.4269
    -1.1942
    -0.9034
    -0.6482
    -0.2008
     0.1373
     0.4879
     0.7224
     1.0017
     1.1501
     1.4493
     1.6657
     1.9417
     2.1681
     2.5503
     2.9325
     3.3306
     3.6051
     3.9211
     4.1583
     4.4793
     4.6560
     4.9281
     5.0700
     5.3346
     5.4973
     5.7122
     5.7064
     5.8798
     5.8806
     6.0150
     5.8972
     5.8972
     5.7321
     5.6657
     5.5164
     5.4267
     5.2201
     5.0949
     4.8095
     4.6013
     4.3018
     4.1094
     3.8066
     3.5545
     3.1738
     2.9815
     2.7028
     2.5088
     2.1424
     1.8895
     1.5496
     1.3672
     1.0780
     0.8268
     0.4804
     0.2351
    -0.1419
    -0.4096
    -0.7476
    -0.9779
    -1.2604
    -1.4220
    -1.6895
    -1.7790
    -2.0043
    -2.1004
    -2.3223
    -2.4532
    -2.7074
    -2.8441
    -3.1024
    -3.2159
    -3.4229
    -3.5057
    -3.6621
    -3.6713
    -3.7598
    -3.7284
    -3.7938
    -3.7433
    -3.7954
    -3.7259
    -3.7830
    -3.7143
    -3.7466
    -3.6506
    -3.5073
    -3.5446
    -3.5752
    -3.4966
    -3.5918
    -3.5520
    -3.6597
    -3.6299
    -3.7143
    -3.6439
    -3.6977
    -3.6025
    -3.6207
    -3.4659
    -3.5156
    -3.4320
    -3.4883
    -3.3972
    -3.4593
    -3.3417
    -3.3409
    -3.1819
    -3.1339
    -2.9194
    -2.8548
    -2.6586
    -2.6006
    -2.3861
    -2.3223
    -2.0639
    -1.9952
    -1.7202
    -1.6026
    -1.2803
    -1.1627
    -0.7891
    -0.5645
    -0.1113
     0.0503
     0.4141
     0.5616
     0.9221
     1.0498
     1.4410
     1.6483
     2.0669
     2.2477
     2.6954
     2.9342
     3.3588
     3.5313
     4.0032
     4.2545
     4.7796
     4.9074
     5.3496
     5.4450
     5.8416
     5.8914
     6.2773
     6.2789
     6.5893
     6.5213
     6.7188
     6.4540
     6.4350
     6.1345
     6.1312
     5.7744
     5.6981
     5.2957
     5.2318
     4.7904
     4.6626
     4.2048
     4.1110
     3.7013
     3.5586
     3.0586
     2.9408
     2.4839
     2.3455
     1.8671
     1.7270
     1.2968
     1.1691
     0.7017
     0.5111
     0.0196
    -0.1693
    -0.6093
    -0.7277
    -1.1022
    -1.1867
    -1.5272
    -1.5247
    -1.7773
    -1.7757
    -2.0333
    -2.3463
    -2.3579
    -2.4689
    -2.6776
    -2.6577
    -2.9285
    -2.8656
    -3.0966
    -3.0643
    -3.2829
    -3.2862
    -3.5206
    -3.5115
    -3.7499
    -3.7458
    -3.9685
    -3.8849
    -4.0537
    -3.9378
    -4.0811
    -3.9445
    -4.0769
    -3.9064
    -3.9908
    -3.8228
    -3.8799
    -3.7102
    -3.7814
    -3.6058
    -3.6630
    -3.5015
    -3.5885
    -3.4088
    -3.4825
    -3.3409
    -3.4245
    -3.2738
    -3.3500
    -3.1869
    -3.2664
    -3.0594
    -3.0734
    -2.8300
    -2.8648
    -2.6288
    -2.6627
    -2.4134
    -2.4101
    -2.1459
    -2.1915
    -1.9140
    -1.9123
    -1.6009
    -1.5703
    -1.1627
    -1.1262
    -0.7021
    -0.5074
    -0.0682
     0.0694
     0.4530
     0.5401
     0.9470
     1.0092
     1.4725
     1.6110
     2.1109
     2.2642
     2.7650
     2.9740
     3.4964
     3.6673
     4.2280
     4.3972
     4.9182
     5.0385
     5.5363
     5.6441
     6.0648
     6.0582
     6.4366
     6.3321
     6.6358
     6.4184
     6.6076
     6.2789
     6.3569
     5.9926
     6.0756
     5.6284
     5.6300
     5.1795
     5.1305
     4.6801
     4.6179
     4.1450
     4.0306
     3.5404
     3.3928
     2.8985
     2.2170
     2.1133
     2.0047
     1.5828
     1.3913
     0.9512
     0.8492
     0.3809
     0.2359
    -0.2488
    -0.3938
    -0.8711
    -0.9663
    -1.3416
    -1.3590
    -1.6813
    -1.5976
    -1.8486
    -1.8196
    -2.1277
    -2.1202
    -2.4449
    -2.4507
    -2.7331
    -2.7223
    -2.9732
    -2.9360
    -3.1852
    -3.1422
    -3.4113
    -3.3715
    -3.6125
    -3.5553
    -3.7855
    -3.7209
    -3.9469
    -3.8418
    -4.0273
    -3.8973
    -4.0612
    -3.9064
    -4.0322
    -3.8393
    -3.8915
    -3.7011
    -3.7665
    -3.5876
    -3.7011
    -3.5388
    -3.6737
    -3.5123
    -3.6348
    -3.4676
    -3.5653
    -3.3690
    -3.4311
    -3.1778
    -3.2109
    -2.9641
    -3.0254
    -2.7844
    -2.8465
    -2.6114
    -2.6635
    -2.4209
    -2.4490
    -2.1691
    -2.2105
    -1.9165
    -1.9496
    -1.6158
    -1.6431
    -1.3590
    -1.3317
    -1.0260
    -0.9026
    -0.5132
    -0.4013
    -0.0268
     0.0428
     0.4091
     0.4406
     0.8815
     0.9984
     1.5438
     1.6507
     2.2775
     2.4641
     3.0378
     3.2394
     3.8614
     4.0073
     4.5797
     4.7605
     5.2865
     5.3106
     5.7553
     5.7412
     6.1478
     6.0839
     6.1810
     6.4034
     6.3553
     6.1735
     6.3486
     6.0806
     6.2457
     5.9030
     5.9321
     5.5072
     5.5230
     5.0492
     5.0127
     4.5084
     4.4553
     3.9211
     3.7220
     3.1233
     2.9690
     2.4234
     2.2991
     1.8074
     1.7718
     1.3490
     1.3548
     0.9429
     0.8799
     0.3561
     0.2218
    -0.2513
    -0.3607
    -0.8512
    -0.9175
    -1.3358
    -1.3706
    -1.7417
    -1.7169
    -2.0076
    -1.9877
    -2.3198
    -2.3646
    -2.7314
    -2.7174
    -3.0610
    -3.0238
    -3.3020
    -3.2424
    -3.4891
    -3.4253
    -3.6920
    -3.6116
    -3.8360
    -3.7350
    -3.9287
    -3.7971
    -3.9867
    -3.8236
    -3.9825
    -3.8161
    -3.9412
    -3.7474
    -3.8575
    -3.6605
    -3.7764
    -3.5794
    -3.6820
    -3.4585
    -3.5355
    -3.3036
    -3.3765
    -3.2034
    -3.3566
    -3.2241
    -3.4237
    -3.2871
    -3.4419
    -3.2034
    -3.2937
    -3.0337
    -3.1132
    -2.8200
    -2.9087
    -2.6519
    -2.7381
    -2.4234
    -2.4921
    -2.2105
    -2.2544
    -1.9505
    -2.0209
    -1.6365
    -1.6291
    -1.3002
    -1.1039
    -0.6374
    -0.5214
    -0.0657
     0.0594
     0.4837
     0.5666
     1.1003
     1.6010
     1.6541
     1.7826
     2.3049
     2.4898
     3.0204
     3.1879
     3.7063
     3.8174
     4.3159
     4.4669
     4.9605
     5.0542
     5.4964
     5.5894
     6.0209
     5.9296
     6.2549
     6.1113
     6.4184
     6.2507
     6.5885
     6.4142
     6.6532
     6.3511
     6.4632
     6.0275
     6.1395
     5.5753
     5.4184
     4.8120
     4.7323
     4.1367
     4.0223
     3.5130
     3.4384
     2.9715
     2.8645
     2.3720
     2.2584
     1.7494
     1.7278
     1.2603
     1.1559
     0.6470
     0.5334
     0.0304
    -0.0781
    -0.5703
    -0.6233
    -1.0517
    -1.0964
    -1.4311
    -1.3922
    -1.7252
    -1.6970
    -2.0805
    -2.0780
    -2.4441
    -2.4474
    -2.7902
    -2.7728
    -3.0983
    -3.0817
    -3.3757
    -3.3425
    -3.6191
    -3.5595
    -3.7756
    -3.6795
    -3.8799
    -3.7673
    -3.9246
    -3.7425
    -3.8708
    -3.6613
    -3.7772
    -3.6092
    -3.7333
    -3.5752
    -3.7466
    -3.5769
    -3.7011
    -3.5007
    -3.6348
    -3.4229
    -3.5131
    -3.3169
    -3.4237
    -3.2432
    -3.3351
    -3.1140
    -3.1703
    -2.9840
    -3.0933
    -2.8904
    -3.0188
    -2.8184
    -2.9153
    -2.7174
    -2.4490
    -2.4292
    -2.5087
    -2.1940
    -2.1774
    -1.8685
    -1.8279
    -1.5504
    -1.5719
    -1.1420
    -1.1428
    -0.7451
    -0.5736
    -0.1221
    -0.0152
     0.3917
     0.4671
     0.8956
     0.9777
     1.4104
     1.5231
     2.0661
     2.1689
     2.7161
     2.8281
     3.3140
     3.4940
     4.0422
     4.1890
     4.6801
     4.8161
     5.3653
     5.5827
     6.0175
     6.0474
     6.4258
     6.3868
     6.7578
     6.6283
     6.8640
     6.7105
     6.8209
     6.5445
     6.6308
     6.2524
     6.1794
     5.8051
     5.7055
     5.2575
     5.1131
     4.5673
     4.3748
     3.8083
     3.5686
     3.0470
     2.8654
     2.3248
     2.1216
     1.6217
     1.4236
     0.9031
     0.8343
     0.4365
     0.3495
    -0.0947
    -0.1685
    -0.5587
    -0.6424
    -0.9813
    -1.0161
    -1.2911
    -1.2894
    -1.5703
    -1.6026
    -1.8941
    -1.9165
    -2.2080
    -2.2403
    -2.5087
    -2.4847
    -2.7405
    -2.7232
    -2.9484
    -2.9169
    -3.1546
    -3.1281
    -3.3806
    -3.3533
    -3.5951
    -3.5437
    -3.7648
    -3.7408
    -3.9494
    -3.9122
    -4.0736
    -4.0082
    -4.1448
    -4.0264
    -4.1009
    -3.9337
    -3.7209
    -3.6928
    -3.7300
    -3.5181
    -3.5139
    -3.3028
    -3.3699
    -3.2076
    -3.2622
    -3.1008
    -3.2200
    -3.0453
    -3.1148
    -2.9294
    -2.9832
    -2.7935
    -2.8540
    -2.6760
    -2.7207
    -2.5020
    -2.5020
    -2.2552
    -2.2263
    -1.9869
    -1.9347
    -1.6224
    -1.5794
    -1.3151
    -1.1080
    -0.7029
    -0.5629
    -0.1834
    -0.0591
     0.3213
     0.4406
     0.8683
     1.0854
     1.4966
     1.6458
     2.1017
     2.2775
     2.7161
     2.9425
     3.4318
     3.6524
     4.1284
     4.3109
     4.7240
     4.9182
     5.3994
     5.5703
     5.9337
     6.0267
     6.3719
     6.3918
     6.6333
     6.5113
     6.6856
     6.5760
     6.7952
     6.5885
     6.6109
     6.2341
     6.1345
     5.7047
     5.5844
     5.1247
     4.9895
     4.5274
     4.3474
     3.9236
     3.6963
     3.2244
     3.0038
     2.6274
     2.4732
     2.0694
     1.9368
     1.5463
     1.3805
     0.9785
     0.7696
     0.3147
     0.1133
    -0.3060
    -0.4941
    -0.8785
    -0.9605
    -1.2861
    -1.3458
    -1.5529
    -1.5711
    -1.8005
    -1.8858
    -2.1807
    -2.2685
    -2.5443
    -2.6006
    -2.8234
    -2.8631
    -3.0503
    -3.0329
    -3.2490
    -3.2192
    -3.3657
    -3.3202
    -3.4311
    -3.3724
    -3.5222
    -3.4792
    -3.6332
    -3.6025
    -3.7805
    -3.7342
    -3.9171
    -3.8625
    -3.9892
    -3.9072
    -4.0422
    -3.9337
    -4.0024
    -3.8244
    -3.8824
    -3.6746
    -3.6977
    -3.4800
    -3.4783
    -3.2109
    -3.2192
    -3.0312
    -3.0983
    -2.9385
    -2.9981
    -2.8184
    -2.8416
    -2.6230
    -2.5840
    -2.3770
    -2.3530
    -2.1285
    -2.1095
    -1.9016
    -1.8875
    -1.6440
    -1.5636
    -1.2099
    -1.1221
    -0.6822
    -0.4510
    -0.0351
     0.1133
     0.4713
     0.6486
     1.0042
     1.1285
     1.5131
     1.6723
     2.1225
     2.3447
     2.8206
     3.0287
     3.4351
     3.6499
     4.0803
     4.2910
     4.7108
     4.8833
     5.3031
     5.4093
     5.8209
     5.8574
     6.1412
     6.1677
     6.3885
     6.3735
     6.5287
     6.4474
     6.5287
     6.3628
     6.3470
     6.1080
     6.0706
     5.7860
     5.6582
     5.2799
     5.1339
     4.7066
     4.5714
     4.2164
     4.0961
     3.8000
     3.6101
     3.2095
     3.0038
     2.4806
     2.1880
     1.7303
     1.4990
     1.0357
     0.7962
     0.1307
     0.1323
    -0.2754
    -0.4792
    -0.8595
    -1.0144
    -1.2961
    -1.3739
    -1.5371
    -1.5595
    -1.7732
    -1.8461
    -2.1360
    -2.2436
    -2.5128
    -2.6213
    -2.8772
    -2.9848
    -3.2225
    -3.2838
    -3.4725
    -3.4957
    -3.6274
    -3.6100
    -3.7002
    -3.6381
    -3.7309
    -3.6555
    -3.7193
    -3.6472
    -3.7077
    -3.6630
    -3.7425
    -3.6862
    -3.7540
    -3.6746
    -3.7764
    -3.6911
    -3.7276
    -3.6174
    -3.6414
    -3.4957
    -3.5123
    -3.3889
    -3.4088
    -3.2862
    -3.2862
    -3.1289
    -3.0900
    -2.9559
    -2.9360
    -2.8316
    -2.8615
    -2.7414
    -2.7472
    -2.6180
    -2.6188
    -2.4590
    -2.4482
    -2.2503
    -2.1467
    -1.8627
    -1.7898
    -1.5015
    -1.3897
    -1.0823
    -0.9349
    -0.6548
    -0.3880
    -0.0168
     0.1895
     0.5310
     0.7721
     1.1236
     1.3813
     1.7138
     2.0172
     2.4176
     2.6655
     3.0586
     3.3961
     3.8066
     4.1508
     4.6394
     4.9870
     5.4516
     5.6674
     6.0931
     6.2673
     6.5105
     6.5619
     6.7105
     6.6889
     6.7777
     6.6773
     6.6756
     6.5155
     6.4383
     6.2059
     6.1163
     5.7230
     5.7512
     5.4226
     5.2898
     4.9696
     4.8302
     4.4909
     4.2993
     3.9227
     3.7461
     3.4342
     3.2360
     2.7866
     2.4325
     2.0420
     1.8107
     1.4236
     1.1368
     0.7390
     0.4870
     0.1050
    -0.1477
    -0.4759
    -0.6747
    -0.9763
    -1.1014
    -1.3756
    -1.4750
    -1.6995
    -1.8072
    -2.0101
    -2.1467
    -2.3579
    -2.4639
    -2.6453
    -2.7521
    -2.9459
    -3.0262
    -3.2167
    -3.2954
    -3.4593
    -3.4999
    -3.6158
    -3.5876
    -3.6572
    -3.6232
    -3.6969
    -3.6845
    -3.7524
    -3.7425
    -3.8244
    -3.8327
    -3.9262
    -3.9022
    -3.9958
    -3.9262
    -3.9585
    -3.8749
    -3.9229
    -3.8509
    -3.8666
    -3.7954
    -3.7839
    -3.6613
    -3.6704
    -3.5272
    -3.4750
    -3.3351
    -3.2730
    -3.0875
    -2.9840
    -2.8333
    -2.7505
    -2.6271
    -2.5625
    -2.4490
    -2.4068
    -2.2461
    -2.1848
    -2.0043
    -1.9447
    -1.7749
    -1.6407
    -1.3673
    -1.2091
    -0.9241
    -0.7683
    -0.4974
    -0.2223
     0.1332
     0.3809
     0.7125
     0.9271
     1.2338
     1.4443
     1.7900
     2.1017
     2.4715
     2.7062
     3.0694
     3.7502
     3.8622
     4.0165
     4.4262
     4.6900
     5.0741
     5.3056
     5.6657
     5.8723
     6.0823
     6.1594
     6.3055
     6.3628
     6.4665
     6.4250
     6.4250
     6.3586
     6.3553
     6.2325
     6.2117
     6.0076
     5.8831
     5.5620
     5.3653
     5.0177
     4.7755
     4.4403
     4.2081
     3.8846
     3.6142
     3.2667
     3.0354
     2.6755
     2.4160
     2.0495
     1.8033
     1.4045
     1.0780
     0.6859
     0.4017
     0.0130
    -0.2422
    -0.5861
    -0.7584
    -1.0011
    -1.1569
    -1.3880
    -1.5297
    -1.7575
    -1.8544
    -2.0449
    -2.1592
    -2.3679
    -2.4805
    -2.6644
    -2.7621
    -2.9459
    -3.0055
    -3.1711
    -3.2291
    -3.3707
    -3.4071
    -3.5487
    -3.5545
    -3.6671
    -3.6804
    -3.7938
    -3.8070
    -3.9022
    -3.9022
    -3.9966
    -4.0173
    -4.1051
    -4.1109
    -4.1614
    -4.1249
    -4.1307
    -4.0587
    -4.0422
    -3.9205
    -3.8741
    -3.7292
    -3.6977
    -3.5802
    -3.5578
    -3.4692
    -3.4825
    -3.3699
    -3.3152
    -3.1372
    -3.0784
    -2.9236
    -2.8979
    -2.7662
    -2.7323
    -2.5766
    -2.5153
    -2.3215
    -2.2329
    -2.0167
    -1.6871
    -1.6241
    -1.5628
    -1.2812
    -1.0923
    -0.8777
    -0.6954
    -0.3706
    -0.1486
     0.1671
     0.3519
     0.6486
     0.8583
     1.1468
     1.3308
     1.6590
     1.8646
     2.1880
     2.4823
     2.8388
     3.0569
     3.4815
     3.7088
     4.1069
     4.3906
     4.7738
     5.0127
     5.4226
     5.6101
     5.8624
     5.9113
     6.0358
     6.0292
     6.1744
     6.1412
     6.2275
     6.1827
     6.2059
     6.1395
     6.1677
     6.0242
     5.9586
     5.6889
     5.5603
     5.2633
     5.0161
     4.7149
     4.4785
     4.1119
     3.9120
     3.6549
     3.4732
     3.1548
     2.9218
     2.5163
     2.1415
     1.6723
     1.3722
     0.9876
     0.6876
     0.2102
    -0.1179
    -0.6035
    -0.8852
    -1.2414
    -1.4700
    -1.8088
    -1.9521
    -2.2039
    -2.2586
    -2.4424
    -2.5252
    -2.7008
    -2.7853
    -2.9658
    -3.0246
    -3.1480
    -3.1620
    -3.2738
    -3.2440
    -3.3136
    -3.2730
    -3.3599
    -3.3301
    -3.4005
    -3.3881
    -3.4924
    -3.4982
    -3.6150
    -3.6414
    -3.7540
    -3.7557
    -3.8600
    -3.8542
    -3.9205
    -3.8989
    -3.9618
    -3.9105
    -3.9676
    -3.8882
    -3.8501
    -3.8451
    -3.8931
    -3.7979
    -3.8195
    -3.6911
    -3.7193
    -3.5620
    -3.5719
    -3.4311
    -3.4171
    -3.2697
    -3.2117
    -3.0536
    -2.9476
    -2.7405
    -2.6577
    -2.4656
    -2.3704
    -2.1335
    -2.0474
    -1.7914
    -1.6788
    -1.4369
    -1.2712
    -0.9970
    -0.8031
    -0.5579
    -0.3996
     0.0138
     0.2119
     0.5268
     0.6785
     0.9686
     1.1202
     1.4841
     1.6881
     2.0396
     2.2377
     2.6423
     2.9002
     3.3389
     3.5777
     4.0588
     4.3250
     4.7199
     4.9654
     5.3496
     5.5039
     5.7827
     5.8889
     6.1453
     6.1893
     6.4267
     6.4283
     6.5545
     6.4980
     6.5711
     6.5038
     6.5511
     6.3984
     6.4134
     6.1818
     6.1055
     5.7279
     5.4881
     5.0642
     4.8037
     4.3806
     4.1425
     3.6996
     3.4624
     2.9906
     2.6647
     2.2012
     1.8837
     1.4344
     1.1700
     0.7307
     0.4398
    -0.0027
    -0.2770
    -0.6606
    -0.8785
    -1.2265
    -1.3458
    -1.5785
    -1.6183
    -1.8080
    -1.8709
    -2.0830
    -2.1409
    -2.3455
    -2.4085
    -2.5774
    -2.6163
    -2.7753
    -2.8300
    -3.0055
    -3.0643
    -3.2722
    -3.3094
    -3.4336
    -3.4626
    -3.5951
    -3.5934
    -3.7035
    -3.6936
    -3.7971
    -3.7698
    -3.8733
    -3.7979
    -3.8948
    -3.8584
    -3.9213
    -3.8493
    -3.8964
    -3.8327
    -3.8733
    -3.7714
    -3.7896
    -3.7035
    -3.7789
    -3.7408
    -3.8087
    -3.7673
    -3.8153
    -3.7284
    -3.7251
    -3.5843
    -3.5023
    -3.3036
    -3.1976
    -2.9989
    -2.9078
    -2.6925
    -2.6014
    -2.3737
    -2.2909
    -2.0440
    -1.9571
    -1.7699
    -1.7119
    -1.4510
    -1.3416
    -1.0575
    -0.9340
    -0.5894
    -0.4427
    -0.1494
     0.1920
     0.5318
     0.7091
     1.0324
     1.2272
     1.5728
     1.7759
     2.1324
     2.3853
     2.7601
     3.0038
     3.4483
     3.7610
     4.1998
     4.4702
     4.8634
     5.0725
     5.4483
     5.6682
     5.9337
     6.0441
     6.2723
     6.3520
     6.4599
     6.4184
     6.5412
     6.4599
     6.5155
     6.4175
     6.3984
     6.2192
     6.1686
     5.8590
     5.7321
     5.3595
     5.1737
     4.7663
     4.5639
     4.2114
     4.0322
     3.6067
     3.3762
     2.9417
     2.7310
     2.2883
     1.9550
     1.4584
     1.1774
     0.7829
     0.5343
    -0.1047
    -0.1701
    -0.4717
    -0.6515
    -0.9904
    -1.1561
    -1.4137
    -1.4767
    -1.6970
    -1.7558
    -2.0167
    -2.1244
    -2.3687
    -2.4250
    -2.6271
    -2.6610
    -2.8689
    -2.9078
    -3.1049
    -3.1736
    -3.3632
    -3.3922
    -3.5504
    -3.5512
    -3.6961
    -3.6770
    -3.7971
    -3.7689
    -3.9163
    -3.8691
    -3.9743
    -3.9130
    -3.9925
    -3.9395
    -3.9676
    -3.9056
    -3.9784
    -3.9113
    -3.9726
    -3.8998
    -3.9685
    -3.8832
    -3.8989
    -3.7797
    -3.7921
    -3.6390
    -3.6613
    -3.4808
    -3.5023
    -3.3252
    -3.3492
    -3.2026
    -3.2034
    -3.0511
    -3.0494
    -2.8689
    -2.8242
    -2.6511
    -2.6105
    -2.4242
    -2.3455
    -2.1111
    -1.9886
    -1.7566
    -1.6357
    -1.3234
    -1.2107
    -0.9556
    -0.7253
    -0.2836
    -0.0500
     0.3735
     0.5981
     0.9818
     1.2603
     1.6516
     1.8422
     2.2054
     2.4234
     2.8106
     3.1009
     3.5130
     3.7502
     4.1475
     4.3483
     4.7381
     4.9547
     5.2998
     5.4998
     5.8192
     5.9487
     6.2424
     6.3254
     6.4806
     6.4383
     6.5038
     6.4715
     6.5362
     6.4964
     6.5511
     6.3619
     6.3462
     6.0549
     5.8109
     5.4533
     5.2152
     4.7962
     4.5390
     4.1143
     3.8614
     3.4749
     3.2020
     2.8040
     2.5345
     2.1125
     1.8804
     1.4792
     1.2230
     0.8782
     0.6536
     0.2442
     0.0130
    -0.3814
    -0.5770
    -0.9166
    -1.0757
    -1.2994
    -1.3847
    -1.6075
    -1.6738
    -1.8867
    -1.9678
    -2.1940
    -2.3099
    -2.5269
    -2.5973
    -2.8242
    -2.8747
    -3.0320
    -3.0577
    -3.1736
    -3.1836
    -3.2995
    -3.3318
    -3.4999
    -3.5355
    -3.6911
    -3.7483
    -3.9238
    -3.9710
    -4.1233
    -4.1266
    -4.2433
    -4.2019
    -4.2706
    -4.1647
    -4.1912
    -4.0165
    -4.0347
    -3.8716
    -3.8791
    -3.7300
    -3.7540
    -3.6125
    -3.6241
    -3.5131
    -3.5487
    -3.4403
    -3.4891
    -3.3914
    -3.4452
    -3.3434
    -3.3351
    -3.2175
    -3.1844
    -3.0047
    -2.8465
    -2.6735
    -2.5252
    -2.3381
    -2.2420
    -2.0722
    -1.9786
    -1.7732
    -1.6788
    -1.4783
    -1.3259
    -1.0268
    -0.9026
    -0.5413
    -0.3624
     0.0362
     0.3594
     0.7572
     1.0398
     1.4021
     1.6342
     2.0022
     2.2717
     2.6357
     3.3414
     3.3969
     3.6490
     4.0837
     4.3483
     4.7274
     4.9563
     5.3388
     5.5661
     5.8217
     5.9487
     6.1238
     6.2051
     6.3545
     6.3885
     6.4931
     6.5047
     6.5155
     6.4540
     6.4657
     6.3785
     6.3171
     6.1047
     5.9296
     5.5960
     5.3877
     5.0177
     4.7464
     4.3648
     4.1060
     3.7345
     3.4716
     3.1034
     2.8223
     2.4218
     2.1357
     1.7660
     1.4916
     1.0664
     0.8119
     0.4265
     0.1721
    -0.2024
    -0.4610
    -0.8214
    -1.0086
    -1.2903
    -1.3822
    -1.5454
    -1.5976
    -1.7798
    -1.8403
    -2.0142
    -2.0962
    -2.3165
    -2.4441
    -2.6379
    -2.7596
    -2.9757
    -3.0370
    -3.2183
    -3.2415
    -3.3368
          3
          1
