    1   6000 0.009999     0  11  27   8   6  17   1
          1
     0.2017
     0.1520
     0.3127
     0.2100
     0.3111
     0.1975
     0.3144
     0.2075
     0.3119
     0.1776
     0.2986
     0.1967
     0.3135
     0.1810
     0.3301
     0.1950
     0.3185
     0.1942
     0.3202
     0.1677
     0.2970
     0.1834
     0.2961
     0.1561
     0.2903
     0.1553
     0.2920
     0.1743
     0.2995
     0.1544
     0.2895
     0.1312
     0.2605
     0.1271
     0.2298
     0.0906
     0.1776
     0.0442
     0.1462
    -0.0038
     0.1014
    -0.0469
     0.0475
    -0.0908
    -0.0005
    -0.1629
    -0.0386
    -0.2110
    -0.0859
    -0.2325
    -0.1497
    -0.2988
    -0.1903
    -0.3104
    -0.2110
    -0.3494
    -0.2499
    -0.3751
    -0.2632
    -0.4123
    -0.3088
    -0.4289
    -0.3328
    -0.4538
    -0.3278
    -0.4687
    -0.3668
    -0.4960
    -0.3568
    -0.5093
    -0.3593
    -0.5159
    -0.3767
    -0.4952
    -0.3643
    -0.3742
    -0.4115
    -0.4737
    -0.3461
    -0.4513
    -0.3386
    -0.4355
    -0.3162
    -0.4306
    -0.2798
    -0.3759
    -0.2491
    -0.3461
    -0.2143
    -0.3345
    -0.1745
    -0.2715
    -0.1480
    -0.2383
    -0.1016
    -0.1969
    -0.0527
    -0.1538
     0.0177
    -0.0966
     0.0823
    -0.0370
     0.1511
     0.0111
     0.1594
     0.0749
     0.2439
     0.1379
     0.2564
     0.1279
     0.2895
     0.1735
     0.3111
     0.1818
     0.3011
     0.1768
     0.3044
     0.1710
     0.3036
     0.1810
     0.3276
     0.1884
     0.3467
     0.2232
     0.3691
     0.2356
     0.3981
     0.2895
     0.4089
     0.2961
     0.4312
     0.3235
     0.4710
     0.3434
     0.4561
     0.3392
     0.4760
     0.3492
     0.4644
     0.3492
     0.4843
     0.3434
     0.4602
     0.3368
     0.4586
     0.3268
     0.4577
     0.3268
     0.4586
     0.3276
     0.4461
     0.3119
     0.4354
     0.3028
     0.4445
     0.3227
     0.4420
     0.2862
     0.3873
     0.2365
     0.3392
     0.2050
     0.2920
     0.1238
     0.2348
     0.0683
     0.1611
    -0.0353
     0.0749
    -0.1058
    -0.0022
    -0.1779
    -0.0718
    -0.2135
    -0.1140
    -0.1754
    -0.2541
    -0.3328
    -0.2632
    -0.4032
    -0.2947
    -0.4521
    -0.3386
    -0.5035
    -0.3949
    -0.5383
    -0.4422
    -0.5565
    -0.4604
    -0.6037
    -0.4828
    -0.6220
    -0.5060
    -0.6576
    -0.5466
    -0.6833
    -0.5515
    -0.6849
    -0.5607
    -0.6742
    -0.5673
    -0.6965
    -0.5457
    -0.6783
    -0.5242
    -0.6493
    -0.4952
    -0.6195
    -0.4886
    -0.5938
    -0.4554
    -0.5416
    -0.4016
    -0.5176
    -0.3494
    -0.4430
    -0.2914
    -0.4099
    -0.2491
    -0.3369
    -0.1795
    -0.2897
    -0.1074
    -0.2127
    -0.0618
    -0.1323
     0.0509
    -0.0552
     0.0939
     0.0301
     0.1984
     0.1089
     0.2995
     0.1950
     0.3633
     0.2804
     0.4279
     0.3227
     0.4370
     0.3077
     0.4486
     0.3193
     0.4669
     0.3550
     0.4843
     0.3558
     0.4752
     0.3558
     0.5191
     0.4138
     0.5506
     0.4660
     0.6276
     0.4959
     0.6318
     0.5473
     0.6649
     0.5348
     0.6683
     0.5729
     0.6989
     0.5622
     0.7031
     0.5821
     0.6981
     0.5705
     0.6815
     0.5497
     0.6848
     0.5423
     0.6790
     0.5298
     0.6741
     0.5357
     0.6707
     0.6741
     0.6136
     0.5348
     0.6475
     0.5033
     0.6003
     0.4403
     0.5149
     0.3252
     0.4089
     0.2298
     0.2986
     0.1329
     0.2373
     0.0459
     0.1321
    -0.0378
     0.0376
    -0.1207
    -0.0486
    -0.2243
    -0.1505
    -0.3113
    -0.2441
    -0.4032
    -0.3096
    -0.4861
    -0.3809
    -0.5507
    -0.4397
    -0.6071
    -0.5060
    -0.6767
    -0.5855
    -0.7479
    -0.6352
    -0.7926
    -0.6816
    -0.8341
    -0.7139
    -0.8548
    -0.7371
    -0.8747
    -0.7620
    -0.8962
    -0.7827
    -0.9327
    -0.7943
    -0.9153
    -0.7844
    -0.9153
    -0.7711
    -0.8772
    -0.7330
    -0.8374
    -0.6932
    -0.7960
    -0.6551
    -0.7579
    -0.5888
    -0.7106
    -0.5391
    -0.6510
    -0.4761
    -0.5830
    -0.3883
    -0.5051
    -0.3030
    -0.4090
    -0.2433
    -0.3320
    -0.1530
    -0.2325
    -0.0320
    -0.1248
     0.0658
    -0.0370
     0.1776
     0.0732
     0.2688
     0.1901
     0.4064
     0.3135
     0.5042
     0.4171
     0.6078
     0.4793
     0.6558
     0.5357
     0.6906
     0.5381
     0.6931
     0.5597
     0.7039
     0.5696
     0.7072
     0.5953
     0.7801
     0.6724
     0.8290
     0.8688
     0.8547
     0.7685
     0.9020
     0.8017
     0.9194
     0.8000
     0.9617
     0.8274
     0.9600
     0.8166
     0.9451
     0.8282
     0.9509
     0.7959
     0.9227
     0.7942
     0.9434
     0.7967
     0.9409
     0.8025
     0.9194
     0.7793
     0.8879
     0.7114
     0.7959
     0.6210
     0.6591
     0.4892
     0.5464
     0.3450
     0.4287
     0.2531
     0.3127
     0.1312
     0.2017
     0.0127
     0.0509
    -0.1190
    -0.0511
    -0.2193
    -0.1870
    -0.3527
    -0.2773
    -0.4331
    -0.3842
    -0.5474
    -0.4720
    -0.6402
    -0.5822
    -0.7355
    -0.6435
    -0.7976
    -0.7305
    -0.8772
    -0.7926
    -0.9484
    -0.8540
    -0.9931
    -0.9227
    -1.0387
    -0.9434
    -1.0801
    -0.9907
    -1.1058
    -0.9931
    -1.1232
    -1.0362
    -1.1298
    -1.0097
    -1.1050
    -0.9931
    -1.0959
    -0.9600
    -1.0652
    -0.9194
    -1.0081
    -0.8664
    -0.9567
    -0.7926
    -0.8672
    -0.7264
    -0.7860
    -0.6402
    -0.7106
    -0.5656
    -0.6054
    -0.4720
    -0.5192
    -0.3543
    -0.3949
    -0.2276
    -0.3063
    -0.1364
    -0.1712
    -0.0154
    -0.0461
     0.1171
     0.0691
     0.2597
     0.3832
     0.4014
     0.3318
     0.5066
     0.4635
     0.6633
     0.6260
     0.8042
     0.7354
     0.8895
     0.8042
     0.9260
     0.7951
     0.9235
     0.8257
     0.9592
     0.8489
     0.9724
     0.8937
     1.0255
     0.9600
     1.0992
     0.9865
     1.1258
     1.0172
     1.1540
     1.0346
     1.1457
     1.0363
     1.1714
     1.0487
     1.1457
     1.0354
     1.1490
     1.0387
     1.1316
     1.0371
     1.1382
     1.0155
     1.1266
     0.9882
     1.0794
     0.9393
     0.9948
     0.8042
     0.8448
     0.6567
     0.6964
     0.5357
     0.5547
     0.3716
     0.4155
     0.2489
     0.2804
     0.0906
     0.1345
    -0.0345
     0.0011
    -0.1986
    -0.1687
    -0.3353
    -0.2756
    -0.4679
    -0.4132
    -0.5839
    -0.5267
    -0.6982
    -0.6336
    -0.7877
    -0.7504
    -0.8904
    -0.8266
    -0.9733
    -0.9327
    -1.0462
    -0.9965
    -1.1265
    -1.0536
    -1.1713
    -1.0926
    -1.2085
    -1.1489
    -1.2674
    -1.1779
    -1.2723
    -1.1878
    -1.2905
    -1.1895
    -1.2848
    -1.1895
    -1.2516
    -1.1505
    -1.2185
    -1.0942
    -1.1704
    -1.0387
    -1.1058
    -0.9931
    -1.0462
    -0.8780
    -0.8109
    -0.7844
    -0.8473
    -0.7156
    -0.7463
    -0.6079
    -0.6187
    -0.4712
    -0.4969
    -0.3668
    -0.3900
    -0.2168
    -0.2359
    -0.0734
    -0.1198
     0.0616
     0.0475
     0.1917
     0.1644
     0.3426
     0.3268
     0.5075
     0.4669
     0.6318
     0.6235
     0.8050
     0.7760
     0.9658
     0.9070
     1.0760
     1.0064
     1.1216
     1.0246
     1.1175
     1.0528
     1.1423
     1.0677
     1.1689
     1.0852
     1.2186
     1.1332
     1.2576
     1.1564
     1.2899
     1.2070
     1.3040
     1.2169
     1.2915
     1.2178
     1.2932
     1.2095
     1.2882
     1.1954
     1.2717
     1.1921
     1.2758
     1.1780
     1.2542
     1.1390
     1.2128
     1.0537
     1.1067
     0.9045
     0.9335
     0.7644
     0.7578
     0.5995
     0.5995
     0.4461
     0.4561
     0.2729
     0.2961
     0.1196
     0.1379
    -0.0320
    -0.0312
    -0.1704
    -0.1779
    -0.3204
    -0.3237
    -0.4604
    -0.4695
    -0.6013
    -0.5905
    -0.7247
    -0.7032
    -0.8465
    -0.8042
    -0.9501
    -0.9012
    -1.0486
    -1.0081
    -1.1116
    -1.0602
    -1.1911
    -1.1315
    -1.2466
    -1.1994
    -1.2848
    -1.2450
    -1.2665
    -1.2649
    -1.3535
    -1.2848
    -1.3676
    -1.2939
    -1.3469
    -1.2748
    -1.3187
    -1.2466
    -1.2690
    -1.1795
    -1.2193
    -1.1124
    -1.1588
    -1.0470
    -1.1008
    -0.9931
    -0.9923
    -0.8722
    -0.9062
    -0.7926
    -0.7918
    -0.6791
    -0.6758
    -0.5457
    -0.5524
    -0.4099
    -0.4198
    -0.2649
    -0.2508
    -0.1207
    -0.1016
     0.0185
     0.0451
     0.1669
     0.1810
     0.3185
     0.3252
     0.4793
     0.4818
     0.6285
     0.6492
     0.7768
     0.7868
     0.9501
     0.9451
     1.0794
     1.0918
     1.2128
     1.1921
     1.2418
     1.1830
     1.2775
     1.1846
     1.2791
     1.2178
     1.2915
     1.2385
     1.3032
     1.2443
     1.3247
     1.2377
     1.3206
     1.2484
     1.3239
     1.2377
     1.3065
     1.2518
     1.2915
     1.2286
     1.2990
     1.2219
     1.2899
     1.2310
     1.2609
     1.2045
     1.2286
     1.1042
     1.1125
     0.9849
     0.9525
     0.8241
     0.7917
     0.6699
     0.6235
     0.4892
     0.4768
     0.3492
     0.3334
     0.1876
     0.1453
    -0.0022
     0.0028
    -0.1406
    -0.1455
    -0.2905
    -0.3055
    -0.4331
    -0.4480
    -0.5706
    -0.5888
    -0.6775
    -0.6957
    -0.7902
    -0.8100
    -0.9095
    -0.9078
    -1.0081
    -0.9915
    -1.0760
    -1.0785
    -1.1505
    -1.1414
    -1.2127
    -1.1638
    -1.2508
    -1.2061
    -1.2748
    -1.2400
    -1.3162
    -1.2707
    -1.3345
    -1.2765
    -1.3137
    -1.2483
    -1.2831
    -1.2350
    -1.2533
    -1.1853
    -1.1953
    -1.1124
    -1.1298
    -1.0478
    -1.0644
    -0.9699
    -0.9799
    -0.8838
    -0.8970
    -0.8009
    -0.7777
    -0.6899
    -0.6916
    -0.5789
    -0.5689
    -0.4355
    -0.4297
    -0.3021
    -0.2914
    -0.1629
    -0.1497
    -0.0246
    -0.0105
     0.1006
     0.1470
     0.2622
     0.2829
     0.4238
     0.4428
     0.5680
     0.5713
     0.6873
     0.7064
     0.8440
     0.8605
     0.9948
     1.0155
     1.1332
     1.1307
     1.2219
     1.2053
     1.2650
     1.2443
     1.2891
     1.2402
     1.2849
     1.2443
     1.3148
     1.2667
     1.3189
     1.2601
     1.3065
     1.2451
     1.3048
     1.2592
     1.3139
     1.2484
     1.2982
     1.2609
     1.2874
     1.2551
     1.2990
     1.2468
     1.2857
     1.2111
     1.2219
     1.1407
     1.1150
     1.0106
     0.9882
     0.8208
     0.8373
     0.7221
     0.6782
     0.5763
     0.5348
     0.4337
     0.3972
     0.2895
     0.2431
     0.1362
     0.0641
    -0.0403
    -0.0718
    -0.1555
    -0.2218
    -0.3063
    -0.3427
    -0.4157
    -0.4712
    -0.5499
    -0.5656
    -0.6700
    -0.6800
    -0.7396
    -0.7786
    -0.8415
    -0.8747
    -0.9409
    -0.9600
    -1.0147
    -1.0255
    -1.0594
    -1.0810
    -1.1191
    -1.1158
    -1.1530
    -1.1613
    -1.1978
    -1.1795
    -1.2127
    -1.1994
    -1.2185
    -1.1928
    -1.2334
    -1.1862
    -1.2185
    -1.1447
    -1.1795
    -1.1025
    -1.1158
    -1.0528
    -1.0636
    -0.9973
    -0.9824
    -0.9202
    -0.9078
    -0.8233
    -0.8258
    -0.7487
    -0.7115
    -0.6203
    -0.6162
    -0.5167
    -0.5035
    -0.3999
    -0.3833
    -0.2864
    -0.2425
    -0.1497
    -0.1124
    -0.0146
     0.0044
     0.1171
     0.1412
     0.2307
     0.2879
     0.3807
     0.4122
     0.4975
     0.5332
     0.6500
     0.6923
     0.7611
     0.8183
     0.9186
     0.9409
     1.0396
     1.0619
     1.1382
     1.1622
     1.1987
     1.1962
     1.2393
     1.2261
     1.2775
     1.2451
     1.2974
     1.2667
     1.2766
     1.2857
     1.3529
     1.2725
     1.2849
     1.2667
     1.2982
     1.2576
     1.2741
     1.2509
     1.2692
     1.2609
     1.2841
     1.2252
     1.2443
     1.1854
     1.1780
     1.1100
     1.0711
     0.9857
     0.9633
     0.8738
     0.8357
     0.7495
     0.6716
     0.5945
     0.5265
     0.4718
     0.3856
     0.3119
     0.2605
     0.1718
     0.1039
     0.0393
    -0.0287
    -0.1000
    -0.1663
    -0.2176
    -0.2690
    -0.3328
    -0.3825
    -0.4720
    -0.5118
    -0.5839
    -0.5988
    -0.6816
    -0.7106
    -0.7852
    -0.8009
    -0.8631
    -0.8772
    -0.9559
    -0.9542
    -1.0081
    -1.0188
    -1.0569
    -1.0710
    -1.1232
    -1.1091
    -1.1389
    -1.1365
    -1.1613
    -1.1638
    -1.1903
    -1.1646
    -1.1812
    -1.1721
    -1.1679
    -1.1423
    -1.1406
    -1.1182
    -1.1017
    -1.0553
    -1.0694
    -0.9989
    -1.0122
    -0.9467
    -0.9327
    -0.8531
    -0.8299
    -0.7736
    -0.7429
    -0.6634
    -0.6551
    -0.5739
    -0.5449
    -0.4761
    -0.4413
    -0.3427
    -0.3021
    -0.2325
    -0.1820
    -0.1033
    -0.0494
     0.0218
     0.0790
     0.1669
     0.2340
     0.3359
     0.3658
     0.4544
     0.5746
     0.6807
     0.6235
     0.7072
     0.7495
     0.8232
     0.8779
     0.9641
     0.9932
     1.0727
     1.0868
     1.1647
     1.1705
     1.2476
     1.2194
     1.2675
     1.2443
     1.2791
     1.2584
     1.2957
     1.2576
     1.2982
     1.2708
     1.3023
     1.2526
     1.2998
     1.2551
     1.2717
     1.2576
     1.2642
     1.2717
     1.2882
     1.2385
     1.2576
     1.2145
     1.2319
     1.1573
     1.1423
     1.0470
     1.0072
     0.9310
     0.8953
     0.7694
     0.7536
     0.6450
     0.6177
     0.4942
     0.4735
     0.3774
     0.3160
     0.2381
     0.1685
     0.0674
     0.0509
    -0.0643
    -0.0842
    -0.2069
    -0.2209
    -0.3361
    -0.3585
    -0.4596
    -0.4753
    -0.5673
    -0.5955
    -0.6849
    -0.7090
    -0.7993
    -0.8316
    -0.8904
    -0.9211
    -0.9956
    -0.9998
    -1.0528
    -1.0660
    -1.1050
    -1.1149
    -1.1655
    -1.1472
    -1.1837
    -1.1688
    -1.2342
    -1.2135
    -1.2408
    -1.2127
    -1.2359
    -1.2292
    -1.2392
    -1.2085
    -1.2152
    -1.1713
    -1.1597
    -1.1042
    -1.1025
    -1.0660
    -1.0578
    -0.9857
    -0.9675
    -0.8904
    -0.8821
    -0.8192
    -0.7073
    -0.6286
    -0.6833
    -0.5963
    -0.5739
    -0.5085
    -0.4778
    -0.3800
    -0.3527
    -0.2632
    -0.2176
    -0.1016
    -0.0743
     0.0442
     0.0923
     0.1801
     0.2390
     0.3135
     0.3525
     0.4544
     0.5000
     0.6152
     0.6343
     0.7296
     0.7884
     0.8639
     0.9360
     1.0172
     1.0686
     1.1357
     1.1573
     1.2178
     1.2161
     1.2625
     1.2426
     1.2849
     1.2601
     1.2949
     1.2841
     1.2874
     1.2841
     1.2791
     1.2849
     1.2857
     1.2601
     1.3023
     1.2642
     1.2783
     1.2750
     1.2949
     1.2642
     1.2675
     1.2659
     1.2758
     1.2344
     1.2451
     1.1821
     1.1556
     1.0487
     1.0023
     0.9161
     0.8572
     0.7669
     0.7321
     0.6252
     0.5812
     0.4727
     0.4304
     0.3160
     0.2895
     0.1743
     0.1221
     0.0318
    -0.0080
    -0.1157
    -0.1571
    -0.2441
    -0.2889
    -0.3825
    -0.4281
    -0.5093
    -0.5491
    -0.6286
    -0.6493
    -0.7496
    -0.7595
    -0.8258
    -0.8564
    -0.9169
    -0.9575
    -1.0039
    -1.0263
    -1.0892
    -1.0876
    -1.1389
    -1.1108
    -1.1713
    -1.1655
    -1.2085
    -1.1804
    -1.2185
    -1.1754
    -1.2442
    -1.2185
    -1.2674
    -1.2052
    -1.2276
    -1.1853
    -1.2210
    -1.1447
    -1.1663
    -1.1042
    -1.0917
    -1.0279
    -1.0122
    -0.9401
    -0.9368
    -0.8730
    -0.8506
    -0.7653
    -0.7313
    -0.6758
    -0.6253
    -0.5573
    -0.5325
    -0.4529
    -0.4165
    -0.3403
    -0.2914
    -0.2168
    -0.1555
    -0.0685
     0.0028
     0.0757
     0.1312
     0.2257
     0.2837
     0.3376
     0.4089
     0.4892
     0.5514
     0.6235
     0.6765
     0.7694
     0.8050
     0.9111
     0.9492
     1.0321
     1.0827
     1.1415
     1.1523
     1.2194
     1.2211
     1.2410
     1.2625
     1.2708
     1.2683
     1.2799
     1.2683
     1.2849
     1.2766
     1.2725
     1.2866
     1.2915
     1.2750
     1.2741
     1.2725
     1.2758
     1.2758
     1.2750
     1.2493
     1.2526
     1.2360
     1.2484
     1.2045
     1.1813
     1.1349
     1.1026
     1.0188
     0.9592
     0.9020
     0.8398
     0.7404
     0.6923
     0.5986
     0.5514
     0.4519
     0.4047
     0.3301
     0.2622
     0.1669
     0.1205
     0.0384
    -0.0403
    -0.1016
    -0.1745
    -0.2301
    -0.2806
    -0.3469
    -0.3916
    -0.5209
    -0.4861
    -0.5805
    -0.6452
    -0.6874
    -0.7380
    -0.7893
    -0.8415
    -0.8747
    -0.9260
    -0.9327
    -0.9791
    -1.0205
    -1.0627
    -1.0511
    -1.0959
    -1.1207
    -1.1315
    -1.1423
    -1.1588
    -1.1555
    -1.1804
    -1.1737
    -1.1911
    -1.1754
    -1.1953
    -1.1804
    -1.1771
    -1.1481
    -1.1679
    -1.0892
    -1.0984
    -1.0495
    -1.0495
    -0.9683
    -0.9617
    -0.8921
    -0.9062
    -0.8076
    -0.8026
    -0.7247
    -0.7023
    -0.6336
    -0.6170
    -0.5242
    -0.4877
    -0.4264
    -0.3668
    -0.3021
    -0.2458
    -0.1638
    -0.1273
    -0.0328
     0.0326
     0.0923
     0.1660
     0.2481
     0.3102
     0.3981
     0.4329
     0.5224
     0.5705
     0.6608
     0.6981
     0.8017
     0.8473
     0.9360
     0.9542
     1.0520
     1.0636
     1.1457
     1.1540
     1.2385
     1.2161
     1.2534
     1.2344
     1.2915
     1.2410
     1.3023
     1.2468
     1.2915
     1.2725
     1.3156
     1.2584
     1.2957
     1.2476
     1.3048
     1.2617
     1.2899
     1.2601
     1.2841
     1.2385
     1.2891
     1.2087
     1.2592
     1.1879
     1.1846
     1.0860
     1.0736
     0.9799
     0.8232
     0.8821
     0.8141
     0.6939
     0.6558
     0.5655
     0.5365
     0.4163
     0.3732
     0.2763
     0.2489
     0.1287
     0.0840
    -0.0370
    -0.0345
    -0.1687
    -0.1779
    -0.2831
    -0.2988
    -0.4364
    -0.4289
    -0.5474
    -0.5648
    -0.6642
    -0.6667
    -0.7802
    -0.7645
    -0.8772
    -0.8639
    -0.9434
    -0.9219
    -1.0387
    -1.0056
    -1.0801
    -1.0395
    -1.1514
    -1.0950
    -1.1887
    -1.1265
    -1.1978
    -1.1464
    -1.2193
    -1.1646
    -1.2524
    -1.1779
    -1.2375
    -1.1721
    -1.2185
    -1.1489
    -1.1845
    -1.1290
    -1.1456
    -1.0611
    -1.0859
    -0.9923
    -1.0155
    -0.9161
    -0.9351
    -0.8175
    -0.8299
    -0.7355
    -0.7355
    -0.6269
    -0.6079
    -0.5242
    -0.4944
    -0.3941
    -0.3734
    -0.2740
    -0.2665
    -0.1265
    -0.1232
     0.0078
     0.0243
     0.1486
     0.1768
     0.2812
     0.2912
     0.4188
     0.4354
     0.5630
     0.5812
     0.7097
     0.7362
     0.8332
     0.8614
     0.9708
     0.9890
     1.0992
     1.1092
     1.2120
     1.1647
     1.2667
     1.2087
     1.3007
     1.2302
     1.2949
     1.2335
     1.3139
     1.2601
     1.2642
     1.3313
     1.3206
     1.2601
     1.3098
     1.2393
     1.3172
     1.2377
     1.3131
     1.2567
     1.2849
     1.2484
     1.2849
     1.2310
     1.2625
     1.1647
     1.1705
     1.0959
     1.0769
     0.9343
     0.9235
     0.7942
     0.7768
     0.6649
     0.6542
     0.5282
     0.5050
     0.3691
     0.3583
     0.2249
     0.2191
     0.0873
     0.0981
    -0.0676
    -0.0395
    -0.2002
    -0.1903
    -0.3137
    -0.3187
    -0.4389
    -0.4322
    -0.5590
    -0.5499
    -0.6833
    -0.6733
    -0.7794
    -0.7529
    -0.8540
    -0.8498
    -0.9318
    -0.9111
    -1.0147
    -0.9940
    -1.0627
    -1.0362
    -1.1108
    -1.0718
    -1.1671
    -1.1158
    -1.1721
    -1.1149
    -1.1895
    -1.1282
    -1.2102
    -1.1398
    -1.1969
    -1.1290
    -1.1953
    -1.1133
    -1.1696
    -1.0785
    -1.1174
    -1.0180
    -1.0387
    -0.9501
    -0.9666
    -0.8639
    -0.8987
    -0.7918
    -0.8009
    -0.6965
    -0.6999
    -0.5805
    -0.5946
    -0.4770
    -0.5035
    -0.3668
    -0.3833
    -0.2400
    -0.2350
    -0.0925
    -0.1066
     0.0384
     0.0243
     0.1578
     0.1727
     0.3119
     0.2870
     0.4362
     0.4395
     0.5804
     0.7114
     0.7097
     0.6948
     0.8464
     0.8116
     0.9791
     0.9534
     1.0760
     1.0528
     1.1672
     1.1440
     1.2576
     1.1879
     1.2915
     1.2335
     1.2974
     1.2352
     1.2940
     1.2509
     1.3023
     1.2542
     1.3222
     1.2468
     1.3106
     1.2443
     1.3330
     1.2377
     1.3264
     1.2178
     1.3164
     1.2385
     1.3297
     1.2020
     1.2708
     1.1697
     1.2103
     1.0744
     1.0934
     0.9268
     0.9600
     0.7868
     0.8092
     0.6658
     0.6939
     0.5216
     0.5448
     0.3931
     0.3865
     0.2464
     0.2630
     0.0857
     0.1180
    -0.0519
    -0.0270
    -0.1696
    -0.1613
    -0.3179
    -0.2955
    -0.4239
    -0.4065
    -0.5590
    -0.5225
    -0.6659
    -0.6336
    -0.7810
    -0.7396
    -0.8573
    -0.8341
    -0.9418
    -0.9037
    -1.0329
    -0.9799
    -1.0876
    -1.0462
    -1.1257
    -1.0876
    -1.1646
    -1.1025
    -1.2027
    -1.1265
    -1.2309
    -1.1406
    -1.2425
    -1.1539
    -1.2425
    -1.1547
    -1.2243
    -1.1331
    -1.1820
    -1.0752
    -1.1307
    -1.0354
    -1.0718
    -0.9699
    -1.0197
    -0.8730
    -0.9202
    -0.7902
    -0.8482
    -0.7330
    -0.6120
    -0.6079
    -0.6443
    -0.5085
    -0.5341
    -0.3867
    -0.3974
    -0.2475
    -0.2839
    -0.1190
    -0.1447
     0.0293
     0.0260
     0.1578
     0.1752
     0.3243
     0.2937
     0.4395
     0.4387
     0.5779
     0.5804
     0.7089
     0.7031
     0.8572
     0.8224
     0.9932
     0.9691
     1.1216
     1.0885
     1.2078
     1.1390
     1.2915
     1.1854
     1.3239
     1.2252
     1.3396
     1.2227
     1.3181
     1.2145
     1.3214
     1.2410
     1.3355
     1.2426
     1.3446
     1.2310
     1.3313
     1.2360
     1.3255
     1.2319
     1.3131
     1.2261
     1.3189
     1.1971
     1.2617
     1.1564
     1.1854
     1.0553
     1.0852
     0.9028
     0.9368
     0.7553
     0.7975
     0.6310
     0.6475
     0.5025
     0.5158
     0.3426
     0.3583
     0.2108
     0.2282
     0.0608
     0.0724
    -0.0552
    -0.0635
    -0.2143
    -0.1861
    -0.3171
    -0.2963
    -0.4422
    -0.4297
    -0.5590
    -0.5341
    -0.6709
    -0.6535
    -0.7844
    -0.7421
    -0.8763
    -0.8233
    -0.9434
    -0.9128
    -1.0114
    -0.9691
    -1.0801
    -1.0321
    -1.1240
    -1.0594
    -1.1704
    -1.0934
    -1.1911
    -1.2284
    -1.1447
    -1.1323
    -1.2417
    -1.1307
    -1.2143
    -1.1373
    -1.2152
    -1.0942
    -1.1737
    -1.0511
    -1.1340
    -0.9890
    -1.0644
    -0.9434
    -0.9882
    -0.8722
    -0.9062
    -0.7769
    -0.8241
    -0.6767
    -0.7206
    -0.5830
    -0.6419
    -0.4819
    -0.5184
    -0.3502
    -0.4057
    -0.2301
    -0.2723
    -0.1082
    -0.1439
     0.0393
    -0.0072
     0.1760
     0.1453
     0.3285
     0.2796
     0.4561
     0.4105
     0.5903
     0.5514
     0.7271
     0.6683
     0.8597
     0.8141
     0.9625
     0.9210
     1.0918
     1.0454
     1.2045
     1.1316
     1.2783
     1.1813
     1.3139
     1.2186
     1.3305
     1.2153
     1.3181
     1.2368
     1.3206
     1.2451
     1.3214
     1.2377
     1.3438
     1.2493
     1.3338
     1.2261
     1.3322
     1.2128
     1.3123
     1.2252
     1.3090
     1.2120
     1.2891
     1.1705
     1.2078
     1.0661
     1.0992
     0.9260
     0.9534
     0.8100
     0.8340
     0.6658
     0.6683
     0.5282
     0.5406
     0.3856
     0.3906
     0.2216
     0.2738
     0.0774
     0.1238
    -0.0461
    -0.0212
    -0.1803
    -0.1439
    -0.3328
    -0.2905
    -0.4596
    -0.5582
    -0.5143
    -0.5457
    -0.6916
    -0.6269
    -0.7794
    -0.7463
    -0.8664
    -0.8241
    -0.9550
    -0.9086
    -1.0495
    -0.9807
    -1.0984
    -1.0337
    -1.1621
    -1.0892
    -1.2011
    -1.1017
    -1.2085
    -1.1307
    -1.2284
    -1.1439
    -1.2375
    -1.1505
    -1.2425
    -1.1282
    -1.2069
    -1.1124
    -1.1713
    -1.0611
    -1.1282
    -0.9965
    -1.0826
    -0.9202
    -0.9857
    -0.8506
    -0.9086
    -0.7603
    -0.8274
    -0.6758
    -0.7338
    -0.5698
    -0.6443
    -0.4687
    -0.5126
    -0.3469
    -0.3949
    -0.2243
    -0.2698
    -0.0900
    -0.1273
     0.0633
     0.0194
     0.2075
     0.1810
     0.3550
     0.3144
     0.4785
     0.4445
     0.6003
     0.5812
     0.7362
     0.7080
     0.8904
     0.8382
     1.0238
     0.9534
     1.1274
     1.0653
     1.2377
     1.1647
     1.2949
     1.2045
     1.3189
     1.2211
     1.3272
     1.2327
     1.3371
     1.2418
     1.3446
     1.2426
     1.3330
     1.2194
     1.3355
     1.2319
     1.3487
     1.2294
     1.3471
     1.2178
     1.3355
     1.2020
     1.3098
     1.1871
     1.2857
     1.1589
     1.2327
     1.0412
     1.0934
     0.9202
     0.7826
     0.8357
     0.8174
     0.6392
     0.6857
     0.4984
     0.5439
     0.3558
     0.4180
     0.2240
     0.2663
     0.0973
     0.1196
    -0.0685
    -0.0254
    -0.1787
    -0.1464
    -0.3204
    -0.2723
    -0.4248
    -0.3900
    -0.5524
    -0.4993
    -0.6617
    -0.6137
    -0.7728
    -0.7380
    -0.8730
    -0.8042
    -0.9476
    -0.8879
    -1.0180
    -0.9426
    -1.0984
    -1.0230
    -1.1555
    -1.0710
    -1.1862
    -1.0934
    -1.2243
    -1.1257
    -1.2259
    -1.1265
    -1.2408
    -1.1389
    -1.2516
    -1.1240
    -1.2284
    -1.1091
    -1.1870
    -1.0602
    -1.1514
    -1.0213
    -1.0727
    -0.9501
    -1.0064
    -0.8830
    -0.9385
    -0.7844
    -0.8407
    -0.6999
    -0.7637
    -0.5888
    -0.6385
    -0.4960
    -0.5449
    -0.3651
    -0.4115
    -0.2640
    -0.2756
    -0.1339
    -0.1431
     0.0268
    -0.0088
     0.1544
     0.1379
     0.3053
     0.2787
     0.4395
     0.4039
     0.5680
     0.5481
     0.7080
     0.6749
     0.8531
     0.8042
     0.9815
     0.9418
     1.1175
     1.0561
     1.2012
     1.1440
     1.2874
     1.2087
     1.3206
     1.2053
     1.3280
     1.2310
     1.3206
     1.2402
     1.2385
     1.3156
     1.3487
     1.2360
     1.3305
     1.2451
     1.3537
     1.2402
     1.3454
     1.2178
     1.3405
     1.2203
     1.3148
     1.1921
     1.2791
     1.1631
     1.2128
     1.0595
     1.0959
     0.9302
     0.9534
     0.7810
     0.8108
     0.6351
     0.6749
     0.5083
     0.5423
     0.3450
     0.4055
     0.2182
     0.2647
     0.0749
     0.1171
    -0.0842
    -0.0088
    -0.1961
    -0.1571
    -0.3452
    -0.3005
    -0.4521
    -0.3983
    -0.5789
    -0.5283
    -0.6866
    -0.6361
    -0.8059
    -0.7512
    -0.8755
    -0.8332
    -0.9650
    -0.9062
    -1.0462
    -0.9501
    -1.0868
    -1.0221
    -1.1522
    -1.0437
    -1.1630
    -1.0743
    -1.2011
    -1.1158
    -1.2143
    -1.1282
    -1.2193
    -1.1091
    -1.2259
    -1.0950
    -1.2044
    -1.0917
    -1.1812
    -1.0387
    -1.1340
    -0.9799
    -1.0578
    -0.9178
    -0.9981
    -0.8680
    -0.9053
    -0.7852
    -0.8308
    -0.6783
    -0.7562
    -0.5930
    -0.6344
    -0.4911
    -0.5416
    -0.3635
    -0.4032
    -0.2499
    -0.2930
    -0.0917
    -0.1323
     0.0475
     0.0119
     0.1876
     0.1486
     0.3202
     0.2713
     0.4511
     0.4089
     0.5572
     0.6765
     0.7404
     0.6749
     0.8556
     0.8042
     1.0188
     0.9368
     1.1307
     1.0752
     1.2393
     1.1357
     1.3023
     1.1929
     1.3272
     1.2244
     1.3247
     1.2029
     1.3545
     1.2310
     1.3405
     1.2443
     1.3272
     1.2410
     1.3554
     1.2310
     1.3396
     1.2310
     1.3305
     1.2194
     1.3239
     1.2153
     1.3371
     1.2070
     1.2974
     1.1432
     1.2418
     1.0537
     1.1200
     0.9393
     0.9832
     0.7884
     0.8506
     0.6542
     0.7130
     0.5216
     0.5688
     0.3807
     0.4486
     0.2298
     0.3053
     0.1047
     0.1503
    -0.0618
    -0.0105
    -0.1870
    -0.1505
    -0.3204
    -0.2872
    -0.4521
    -0.3842
    -0.5789
    -0.5143
    -0.6932
    -0.6269
    -0.8009
    -0.7347
    -0.8912
    -0.8473
    -0.9873
    -0.9028
    -1.0462
    -0.9625
    -1.1191
    -1.0056
    -1.1688
    -1.0578
    -1.1994
    -1.0901
    -1.2301
    -1.1149
    -1.2350
    -1.1290
    -1.2616
    -1.1356
    -1.2549
    -1.1257
    -1.2152
    -1.0942
    -1.1787
    -1.0578
    -1.1423
    -1.0097
    -1.0917
    -0.9277
    -1.0180
    -0.8531
    -0.9484
    -0.7752
    -0.8448
    -0.7512
    -0.6319
    -0.5756
    -0.6634
    -0.4795
    -0.5416
    -0.3593
    -0.4041
    -0.2292
    -0.2897
    -0.1058
    -0.1472
     0.0525
    -0.0047
     0.1801
     0.1437
     0.3243
     0.2779
     0.4611
     0.4188
     0.5812
     0.5522
     0.7370
     0.6782
     0.8539
     0.8042
     0.9749
     0.9111
     1.0934
     1.0379
     1.2012
     1.1133
     1.3073
     1.1780
     1.3471
     1.2053
     1.3446
     1.2145
     1.3587
     1.2244
     1.3686
     1.2153
     1.3711
     1.2219
     1.3504
     1.2045
     1.3454
     1.2062
     1.3463
     1.2244
     1.3454
     1.1937
     1.3206
     1.1888
     1.3056
     1.1382
     1.2203
     1.0396
     1.1167
     0.9186
     0.9757
     0.7818
     0.8464
     0.6699
     0.7271
     0.5290
     0.5812
     0.3840
     0.4254
     0.2323
     0.2837
     0.1014
     0.1578
    -0.0378
     0.0177
    -0.1795
    -0.1348
    -0.3204
    -0.2740
    -0.4256
    -0.3734
    -0.5648
    -0.5159
    -0.6841
    -0.6178
    -0.7711
    -0.7081
    -0.8573
    -0.8109
    -0.9492
    -0.8904
    -1.0296
    -0.9492
    -1.0743
    -0.9915
    -1.1373
    -1.0395
    -1.1903
    -1.0909
    -1.2160
    -1.2168
    -1.1323
    -1.1282
    -1.2350
    -1.1166
    -1.2234
    -1.1042
    -1.2077
    -1.0868
    -1.1986
    -1.0495
    -1.1514
    -1.0031
    -1.0735
    -0.9293
    -1.0147
    -0.8581
    -0.9492
    -0.7868
    -0.8763
    -0.6965
    -0.7612
    -0.5971
    -0.6651
    -0.4828
    -0.5225
    -0.3585
    -0.4082
    -0.2325
    -0.2781
    -0.0867
    -0.1373
     0.0550
     0.0210
     0.1942
     0.1337
     0.3401
     0.2713
     0.4818
     0.4263
     0.6160
     0.5572
     0.7337
     0.6741
     0.8779
     0.8133
     0.9981
     0.9210
     1.1291
     1.0296
     1.2128
     1.1432
     1.3007
     1.1921
     1.3313
     1.2103
     1.3471
     1.2227
     1.3322
     1.2120
     1.3521
     1.2194
     1.3421
     1.2087
     1.3587
     1.2277
     1.3545
     1.2136
     1.3471
     1.1987
     1.3222
     1.2128
     1.3214
     1.1896
     1.2974
     1.1092
     1.2087
     1.0371
     1.0719
     0.9061
     0.9409
     0.7702
     0.8116
     0.6392
     0.6848
     0.4984
     0.5705
     0.3649
     0.4420
     0.2506
     0.3135
     0.1246
     0.1710
    -0.0154
     0.0152
    -0.1571
    -0.1198
    -0.3088
    -0.2317
    -0.4157
    -0.5350
    -0.5010
    -0.4753
    -0.6493
    -0.5888
    -0.7487
    -0.6874
    -0.8722
    -0.7786
    -0.9335
    -0.8705
    -0.9931
    -0.9409
    -1.0685
    -0.9931
    -1.1158
    -1.0246
    -1.1787
    -1.0594
    -1.1978
    -1.0892
    -1.2201
    -1.1290
    -1.2342
    -1.1199
    -1.2350
    -1.1191
    -1.1978
    -1.0917
    -1.1729
    -1.0644
    -1.1472
    -1.0056
    -1.0959
    -0.9559
    -1.0379
    -0.8830
    -0.9650
    -0.7926
    -0.8697
    -0.7247
    -0.7496
    -0.5955
    -0.6419
    -0.4911
    -0.5275
    -0.3510
    -0.4198
    -0.2367
    -0.2897
    -0.0850
    -0.1315
     0.0600
     0.0003
     0.1801
     0.1619
     0.3293
     0.2928
     0.4718
     0.4171
     0.6078
     0.5481
     0.7379
     0.6807
     0.8730
     0.8174
     0.9923
     0.9326
     1.1117
     1.0603
     1.2261
     1.1457
     1.2708
     1.1714
     1.3264
     1.2120
     1.3421
     1.2153
     1.3388
     1.2178
     1.3280
     1.2352
     1.3496
     1.2095
     1.3554
     1.2327
     1.3371
     1.2111
     1.3355
     1.2203
     1.3338
     1.2219
     1.3081
     1.2004
     1.2659
     1.1365
     1.2103
     1.0346
     1.0777
     0.9020
     0.7801
     0.8290
     0.8249
     0.6218
     0.6923
     0.4975
     0.5531
     0.3608
     0.4196
     0.2298
     0.2787
     0.1006
     0.1437
    -0.0378
    -0.0072
    -0.1671
    -0.1439
    -0.3121
    -0.2574
    -0.4289
    -0.3701
    -0.5391
    -0.5060
    -0.6385
    -0.5979
    -0.7545
    -0.7181
    -0.8457
    -0.7885
    -0.9186
    -0.8838
    -0.9948
    -0.9451
    -1.0660
    -0.9873
    -1.1017
    -1.0387
    -1.1663
    -1.0553
    -1.1953
    -1.0926
    -1.1953
    -1.0984
    -1.2243
    -1.1017
    -1.2011
    -1.0892
    -1.1986
    -1.0652
    -1.1588
    -1.0263
    -1.1000
    -0.9824
    -1.0528
    -0.9194
    -0.9849
    -0.8515
    -0.9385
    -0.7844
    -0.8506
    -0.7015
    -0.7487
    -0.5938
    -0.6419
    -0.4761
    -0.5192
    -0.3469
    -0.3999
    -0.2367
    -0.2582
    -0.0975
    -0.1099
     0.0533
     0.0376
     0.1975
     0.1660
     0.3268
     0.2812
     0.4727
     0.4263
     0.6078
     0.5729
     0.7296
     0.6973
     0.8605
     0.8166
     0.9807
     0.9492
     1.1249
     1.0760
     1.2269
     1.1589
     1.2949
     1.2145
     1.3197
     1.2153
     1.3164
     1.2286
     1.3338
     1.2227
     1.2443
     1.3637
     1.3380
     1.2493
     1.3347
     1.2219
     1.3305
     1.2418
     1.3230
     1.2269
     1.3371
     1.2120
     1.3040
     1.2045
     1.2857
     1.1598
     1.1921
     1.0653
     1.0868
     0.9360
     0.9442
     0.7942
     0.8009
     0.6492
     0.6765
     0.5348
     0.5340
     0.3740
     0.4055
     0.2514
     0.2572
     0.0981
     0.1279
    -0.0312
    -0.0130
    -0.1588
    -0.1406
    -0.2922
    -0.2930
    -0.4215
    -0.4123
    -0.5383
    -0.5217
    -0.6510
    -0.6120
    -0.7496
    -0.7347
    -0.8573
    -0.8225
    -0.9451
    -0.8796
    -1.0139
    -0.9757
    -1.0727
    -1.0097
    -1.1356
    -1.0544
    -1.1630
    -1.0718
    -1.1953
    -1.1141
    -1.2085
    -1.1373
    -1.2350
    -1.1282
    -1.2284
    -1.1182
    -1.2011
    -1.1133
    -1.1679
    -1.0586
    -1.1158
    -1.0197
    -1.0569
    -0.9335
    -0.9948
    -0.8722
    -0.9161
    -0.7960
    -0.8531
    -0.7222
    -0.7562
    -0.6071
    -0.6576
    -0.5093
    -0.5259
    -0.4090
    -0.4057
    -0.2723
    -0.2997
    -0.1414
    -0.1414
     0.0227
     0.0053
     0.1437
     0.1462
     0.3144
     0.2862
     0.4536
     0.4420
     0.5547
     0.7453
     0.7362
     0.7122
     0.8605
     0.8199
     1.0006
     0.9575
     1.1357
     1.0827
     1.2377
     1.1680
     1.3040
     1.2244
     1.3255
     1.2385
     1.3371
     1.2310
     1.3355
     1.2261
     1.3313
     1.2294
     1.3355
     1.2335
     1.3471
     1.2393
     1.3197
     1.2443
     1.3338
     1.2451
     1.3272
     1.2294
     1.3065
     1.2062
     1.3032
     1.1788
     1.2476
     1.0910
     1.1423
     0.9575
     0.9873
     0.8348
     0.8564
     0.6691
     0.7072
     0.5431
     0.5705
     0.3931
     0.4354
     0.2829
     0.2978
     0.1403
     0.1470
    -0.0038
     0.0260
    -0.1406
    -0.1082
    -0.2765
    -0.2441
    -0.4148
    -0.3883
    -0.5408
    -0.4853
    -0.6369
    -0.5938
    -0.7355
    -0.7115
    -0.8283
    -0.7943
    -0.9211
    -0.8796
    -0.9940
    -0.9260
    -1.0412
    -0.9857
    -1.0917
    -1.0462
    -1.1423
    -1.0752
    -1.1746
    -1.1191
    -1.2052
    -1.1481
    -1.2135
    -1.1555
    -1.2259
    -1.1365
    -1.2118
    -1.1091
    -1.1862
    -1.0776
    -1.1588
    -1.0362
    -1.1042
    -0.9815
    -1.0197
    -0.8954
    -0.9434
    -0.8216
    -0.8672
    -0.7612
    -0.6203
    -0.6410
    -0.6510
    -0.5093
    -0.5366
    -0.4065
    -0.4215
    -0.2905
    -0.3162
    -0.1389
    -0.1779
    -0.0047
    -0.0204
     0.1188
     0.1039
     0.2688
     0.2439
     0.4155
     0.3732
     0.5456
     0.5158
     0.6840
     0.6699
     0.8282
     0.8266
     0.9492
     0.9501
     1.1059
     1.0644
     1.2136
     1.1614
     1.2617
     1.2062
     1.3189
     1.2219
     1.3148
     1.2410
     1.3305
     1.2476
     1.3347
     1.2542
     1.3288
     1.2385
     1.3471
     1.2385
     1.3114
     1.2484
     1.3255
     1.2377
     1.3098
     1.2410
     1.3305
     1.2153
     1.2982
     1.1888
     1.2244
     1.0951
     1.1299
     0.9650
     1.0014
     0.8406
     0.8547
     0.7014
     0.7254
     0.5390
     0.5514
     0.4263
     0.4163
     0.2796
     0.2937
     0.1329
     0.1420
     0.0144
     0.0044
    -0.1331
    -0.1140
    -0.2475
    -0.2466
    -0.4032
    -0.3601
    -0.5043
    -0.4761
    -0.6129
    -0.6071
    -0.7305
    -0.6849
    -0.8332
    -0.7835
    -0.8970
    -0.8689
    -0.9815
    -0.9244
    -1.0462
    -0.9898
    -1.0851
    -1.0197
    -1.1290
    -1.0520
    -1.1456
    -1.1945
    -1.0959
    -1.1017
    -1.1862
    -1.1083
    -1.2118
    -1.1216
    -1.2102
    -1.1008
    -1.1655
    -1.0660
    -1.1249
    -1.0296
    -1.1008
    -0.9815
    -1.0296
    -0.9136
    -0.9658
    -0.8208
    -0.8614
    -0.7347
    -0.7827
    -0.6269
    -0.6816
    -0.5358
    -0.5524
    -0.4380
    -0.4438
    -0.2963
    -0.3171
    -0.1596
    -0.1696
    -0.0262
    -0.0279
     0.1196
     0.1221
     0.2464
     0.2655
     0.4055
     0.3865
     0.5580
     0.5423
     0.6873
     0.6774
     0.8199
     0.8183
     0.9567
     0.9393
     1.0868
     1.0677
     1.2211
     1.1647
     1.2717
     1.2087
     1.3032
     1.2418
     1.3073
     1.2518
     1.3073
     1.2468
     1.3371
     1.2509
     1.3330
     1.2261
     1.3206
     1.2410
     1.3272
     1.2476
     1.3197
     1.2261
     1.3239
     1.2211
     1.3239
     1.2310
     1.3048
     1.1821
     1.2368
     1.0918
     1.1316
     0.9666
     0.9882
     0.8282
     0.8464
     0.6757
     0.7147
     0.5613
     0.5771
     0.4006
     0.4188
     0.2771
     0.2845
     0.1188
     0.1536
    -0.0063
     0.0252
    -0.1339
    -0.1240
    -0.2731
    -0.2441
    -0.3949
    -0.5085
    -0.4645
    -0.4712
    -0.6311
    -0.5822
    -0.7148
    -0.6717
    -0.8216
    -0.7612
    -0.8879
    -0.8540
    -0.9782
    -0.9053
    -1.0197
    -0.9617
    -1.0810
    -1.0163
    -1.1282
    -1.0611
    -1.1489
    -1.0975
    -1.1737
    -1.1058
    -1.2003
    -1.1356
    -1.2152
    -1.1315
    -1.2143
    -1.1149
    -1.1986
    -1.0851
    -1.1331
    -1.0528
    -1.0884
    -0.9915
    -1.0213
    -0.9302
    -0.9534
    -0.8506
    -0.8730
    -0.7504
    -0.7769
    -0.6518
    -0.6791
    -0.5491
    -0.5764
    -0.4322
    -0.4546
    -0.3212
    -0.3129
    -0.1812
    -0.1812
    -0.0254
    -0.0519
     0.0948
     0.1072
     0.2597
     0.2274
     0.3832
     0.3782
     0.5357
     0.5149
     0.6500
     0.6658
     0.7909
     0.8000
     0.9525
     0.9351
     1.0636
     1.0785
     1.1921
     1.1689
     1.2567
     1.2029
     1.2907
     1.2219
     1.2915
     1.2410
     1.3032
     1.2509
     1.3264
     1.2584
     1.3123
     1.2377
     1.3222
     1.2551
     1.3280
     1.2642
     1.3056
     1.2418
     1.3073
     1.2443
     1.3197
     1.2153
     1.2833
     1.1846
     1.2120
     1.0785
     1.0943
     0.9840
     0.8266
     0.8506
     0.8398
     0.6840
     0.6873
     0.5705
     0.5555
     0.4354
     0.4246
     0.2937
     0.2903
     0.1578
     0.1511
     0.0111
     0.0102
    -0.1464
    -0.1306
    -0.2491
    -0.2557
    -0.3825
    -0.3519
    -0.4927
    -0.4712
    -0.6071
    -0.5656
    -0.6866
    -0.6841
    -0.7661
    -0.7537
    -0.8457
    -0.8266
    -0.9327
    -0.8921
    -0.9824
    -0.9459
    -1.0230
    -1.0122
    -1.0818
    -1.0445
    -1.1116
    -1.0760
    -1.1423
    -1.1050
    -1.1646
    -1.1000
    -1.1729
    -1.1025
    -1.1779
    -1.0950
    -1.1646
    -1.0602
    -1.1091
    -1.0329
    -1.0636
    -0.9766
    -1.0188
    -0.9194
    -0.9459
    -0.8308
    -0.8705
    -0.7438
    -0.7794
    -0.6725
    -0.6916
    -0.5723
    -0.5839
    -0.4364
    -0.4612
    -0.3137
    -0.3121
    -0.1977
    -0.1803
    -0.0345
    -0.0577
     0.0832
     0.0939
     0.2340
     0.2622
     0.3856
     0.3790
     0.5182
     0.5149
     0.6707
     0.6517
     0.7859
     0.8042
     0.9210
     0.9310
     1.0429
     1.0561
     1.1796
     1.1332
     1.2567
     1.1854
     1.2816
     1.2169
     1.2990
     1.2418
     1.3015
     1.2451
     1.2352
     1.3380
     1.3172
     1.2227
     1.3114
     1.2551
     1.3073
     1.2335
     1.3239
     1.2244
     1.3156
     1.2418
     1.2891
     1.1971
     1.2551
     1.1374
     1.1796
     1.0636
     1.0661
     0.9302
     0.9335
     0.7909
     0.8017
     0.6757
     0.6691
     0.5224
     0.5381
     0.4089
     0.4039
     0.2647
     0.2638
     0.1296
     0.1238
     0.0036
    -0.0080
    -0.1331
    -0.1431
    -0.2690
    -0.2508
    -0.4016
    -0.3659
    -0.5060
    -0.4795
    -0.5955
    -0.6029
    -0.7048
    -0.6866
    -0.7736
    -0.7529
    -0.8531
    -0.8399
    -0.9277
    -0.9095
    -0.9965
    -0.9675
    -1.0354
    -1.0023
    -1.0984
    -1.0486
    -1.1224
    -1.0627
    -1.1605
    -1.0851
    -1.1771
    -1.1216
    -1.1671
    -1.1207
    -1.1563
    -1.0810
    -1.1398
    -1.0495
    -1.1083
    -1.0047
    -1.0528
    -0.9451
    -0.9882
    -0.8838
    -0.9062
    -0.8018
    -0.8374
    -0.7396
    -0.7330
    -0.6435
    -0.6261
    -0.5259
    -0.5167
    -0.4016
    -0.4248
    -0.2963
    -0.2740
    -0.1406
    -0.1580
    -0.0113
    -0.0212
     0.1321
     0.1403
     0.2796
     0.2829
     0.4246
     0.4039
     0.5390
     0.6608
     0.6915
     0.6948
     0.8199
     0.8224
     0.9310
     0.9260
     1.0545
     1.0636
     1.1680
     1.1548
     1.2451
     1.2111
     1.2758
     1.2319
     1.2949
     1.2501
     1.3164
     1.2551
     1.3172
     1.2443
     1.3148
     1.2410
     1.3197
     1.2576
     1.2940
     1.2294
     1.2882
     1.2518
     1.2998
     1.2344
     1.2907
     1.2178
     1.2294
     1.1598
     1.1763
     1.0694
     1.0810
     0.9384
     0.9144
     0.7992
     0.8075
     0.6475
     0.6525
     0.5257
     0.5042
     0.3624
     0.3823
     0.2398
     0.2182
     0.0948
     0.1006
    -0.0353
    -0.0312
    -0.1812
    -0.1547
    -0.2897
    -0.3046
    -0.4231
    -0.4264
    -0.5192
    -0.5283
    -0.6311
    -0.6071
    -0.7446
    -0.7173
    -0.8100
    -0.7984
    -0.8854
    -0.8772
    -0.9550
    -0.9252
    -1.0155
    -0.9965
    -1.0602
    -1.0230
    -1.1017
    -1.0594
    -1.1505
    -1.0851
    -1.1721
    -1.0975
    -1.1630
    -1.1265
    -1.1621
    -1.0984
    -1.1530
    -1.0859
    -1.1389
    -1.0611
    -1.0785
    -0.9940
    -1.0246
    -0.9376
    -0.9757
    -0.8937
    -0.9012
    -0.7993
    -0.8200
    -0.7529
    -0.6460
    -0.6162
    -0.6460
    -0.5151
    -0.5408
    -0.4057
    -0.4148
    -0.2847
    -0.2864
    -0.1348
    -0.1257
     0.0020
     0.0036
     0.1287
     0.1520
     0.2738
     0.2937
     0.4138
     0.4196
     0.5448
     0.5489
     0.6939
     0.6749
     0.8274
     0.8092
     0.9559
     0.9525
     1.0619
     1.0885
     1.1747
     1.1523
     1.2509
     1.2169
     1.2924
     1.2393
     1.2974
     1.2377
     1.3156
     1.2368
     1.3139
     1.2377
     1.3081
     1.2509
     1.3206
     1.2617
     1.2957
     1.2402
     1.3106
     1.2443
     1.3090
     1.2402
     1.2808
     1.2277
     1.2385
     1.1440
     1.1846
     1.0586
     1.0719
     0.9169
     0.9302
     0.8058
     0.8042
     0.6608
     0.6426
     0.5149
     0.5174
     0.3691
     0.3815
     0.2473
     0.2373
     0.0989
     0.0658
    -0.0618
    -0.0792
    -0.1919
    -0.1886
    -0.3137
    -0.3021
    -0.4297
    -0.4455
    -0.5499
    -0.5341
    -0.6377
    -0.6369
    -0.7570
    -0.7313
    -0.8432
    -0.8134
    -0.8904
    -0.8805
    -0.9583
    -0.9492
    -1.0271
    -1.0122
    -1.0685
    -1.0321
    -1.1116
    -1.0735
    -1.1522
    -1.1605
    -1.1323
    -1.1365
    -1.1795
    -1.1423
    -1.1812
    -1.1265
    -1.1713
    -1.1133
    -1.1447
    -1.0843
    -1.1116
    -1.0246
    -1.0594
    -0.9666
    -1.0064
    -0.8772
    -0.9219
    -0.8183
    -0.8540
    -0.7115
    -0.7471
    -0.6319
    -0.6269
    -0.5242
    -0.5209
    -0.3891
    -0.3974
    -0.2657
    -0.2715
    -0.1472
    -0.1281
     0.0011
     0.0152
     0.1395
     0.1462
     0.2920
     0.2870
     0.4188
     0.4213
     0.5282
     0.5381
     0.6774
     0.6658
     0.7917
     0.7992
     0.9492
     0.9277
     1.0495
     1.0404
     1.1606
     1.1457
     1.2526
     1.1921
     1.2957
     1.2178
     1.3148
     1.2518
     1.2907
     1.2344
     1.3189
     1.2592
     1.3172
     1.2277
     1.3040
     1.2352
     1.3164
     1.2368
     1.3148
     1.2509
     1.2924
     1.2451
     1.2816
     1.2236
     1.2551
     1.1573
     1.1763
     1.0628
     1.0512
     0.9227
     0.9070
     0.7810
     0.8033
     0.6575
     0.6467
     0.4950
     0.5232
     0.3782
     0.3740
     0.2216
     0.2365
     0.0906
     0.1006
    -0.0552
    -0.0386
    -0.1903
    -0.1654
    -0.2972
    -0.2847
    -0.4099
    -0.5341
    -0.5093
    -0.5275
    -0.6352
    -0.6327
    -0.7264
    -0.7115
    -0.8407
    -0.7960
    -0.9037
    -0.8622
    -0.9766
    -0.9542
    -1.0420
    -0.9915
    -1.0959
    -1.0379
    -1.1207
    -1.0793
    -1.1489
    -1.0959
    -1.1837
    -1.1207
    -1.1953
    -1.1307
    -1.2019
    -1.1158
    -1.1688
    -1.0892
    -1.1323
    -1.0619
    -1.0959
    -1.0213
    -1.0404
    -0.9567
    -0.9799
    -0.8722
    -0.9103
    -0.7827
    -0.8299
    -0.7131
    -0.7139
    -0.5921
    -0.6311
    -0.4828
    -0.4977
    -0.3784
    -0.3751
    -0.2673
    -0.2649
    -0.1207
    -0.1298
    -0.0038
     0.0152
     0.1221
     0.1287
     0.2928
     0.2680
     0.4188
     0.3890
     0.5497
     0.5415
     0.6707
     0.6558
     0.8166
     0.7909
     0.9268
     0.9268
     1.0744
     1.0479
     1.1589
     1.1291
     1.2443
     1.1780
     1.2974
     1.2418
     1.2957
     1.2360
     1.3206
     1.2344
     1.3222
     1.2269
     1.3288
     1.2327
     1.3272
     1.2501
     1.3181
     1.2393
     1.3264
     1.2402
     1.3040
     1.2178
     1.3065
     1.2020
     1.2675
     1.1341
     1.1622
     1.0288
     1.0363
     0.8929
     0.7785
     0.8042
     0.8042
     0.6392
     0.6384
     0.4901
     0.4967
     0.3533
     0.3608
     0.2199
     0.2439
     0.0865
     0.0915
    -0.0502
    -0.0362
    -0.2085
    -0.1961
    -0.3320
    -0.3071
    -0.4355
    -0.4148
    -0.5515
    -0.5491
    -0.6825
    -0.6361
    -0.7810
    -0.7181
    -0.8432
    -0.8233
    -0.9070
    -0.8904
    -0.9807
    -0.9459
    -1.0337
    -0.9857
    -1.0884
    -1.0296
    -1.1066
    -1.0752
    -1.1481
    -1.0776
    -1.1671
    -1.1166
    -1.1878
    -1.0926
    -1.1878
    -1.0876
    -1.1597
    -1.0619
    -1.1373
    -1.0445
    -1.0884
    -0.9965
    -1.0420
    -0.9136
    -0.9600
    -0.8341
    -0.8871
    -0.7736
    -0.8076
    -0.6733
    -0.6949
    -0.5573
    -0.6104
    -0.4753
    -0.4712
    -0.3469
    -0.3809
    -0.2408
    -0.2516
    -0.1000
    -0.1190
     0.0310
    -0.0014
     0.1619
     0.1304
     0.3069
     0.2978
     0.4221
     0.4155
     0.5348
     0.5531
     0.6906
     0.6724
     0.8141
     0.8075
     0.9509
     0.9094
     1.0653
     1.0338
     1.1316
     1.1258
     1.2211
     1.1896
     1.2650
     1.2178
     1.3255
     1.2178
     1.2982
     1.2310
     1.2468
     1.3081
     1.3056
     1.2393
     1.3255
     1.2509
     1.3056
     1.2460
     1.3023
     1.2493
     1.3239
     1.2286
     1.2799
     1.1838
     1.2443
     1.1084
     1.1349
     0.9807
     1.0155
     0.8730
     0.8746
     0.7362
     0.7569
     0.5928
     0.6210
     0.4884
     0.4901
     0.3293
     0.3641
     0.2025
     0.1959
     0.0550
     0.0509
    -0.0751
    -0.0635
    -0.2151
    -0.2110
    -0.3593
    -0.3436
    -0.4629
    -0.4637
    -0.5946
    -0.5723
    -0.7139
    -0.6675
    -0.8067
    -0.7703
    -0.8879
    -0.8440
    -0.9335
    -0.8962
    -1.0097
    -0.9650
    -1.0578
    -1.0147
    -1.1008
    -1.0478
    -1.1365
    -1.0660
    -1.1539
    -1.0768
    -1.1804
    -1.0950
    -1.2019
    -1.0909
    -1.1928
    -1.1000
    -1.1580
    -1.0810
    -1.1249
    -1.0230
    -1.0909
    -0.9948
    -1.0296
    -0.9219
    -0.9583
    -0.8465
    -0.8772
    -0.7487
    -0.7910
    -0.6651
    -0.7214
    -0.5540
    -0.6037
    -0.4430
    -0.4795
    -0.3204
    -0.3502
    -0.1936
    -0.2383
    -0.0743
    -0.1074
     0.0393
     0.0144
     0.1785
     0.1743
     0.3102
     0.2812
     0.4553
     0.4329
     0.5580
     0.6973
     0.7138
     0.6658
     0.8232
     0.8141
     0.9592
     0.9260
     1.0868
     1.0288
     1.1846
     1.1208
     1.2377
     1.1680
     1.2965
     1.1962
     1.3156
     1.2078
     1.3106
     1.2385
     1.3322
     1.2344
     1.3371
     1.2244
     1.3114
     1.2443
     1.3313
     1.2360
     1.3172
     1.2244
     1.2974
     1.2136
     1.2808
     1.1846
     1.2426
     1.1109
     1.1233
     0.9907
     0.9940
     0.8647
     0.8705
     0.7453
     0.7495
     0.6044
     0.6177
     0.4619
     0.4801
     0.3144
     0.3343
     0.1942
     0.1901
     0.0442
     0.0616
    -0.0975
    -0.0917
    -0.2582
    -0.2019
    -0.3817
    -0.3419
    -0.5060
    -0.4529
    -0.6211
    -0.5623
    -0.7313
    -0.6816
    -0.8175
    -0.7686
    -0.9045
    -0.8357
    -0.9749
    -0.8962
    -1.0221
    -0.9550
    -1.0868
    -1.0279
    -1.1232
    -1.0387
    -1.1456
    -1.0727
    -1.1812
    -1.0975
    -1.1911
    -1.0917
    -1.1986
    -1.1008
    -1.1936
    -1.1116
    -1.1679
    -1.0652
    -1.1489
    -1.0470
    -1.0992
    -0.9907
    -1.0470
    -0.9053
    -0.9559
    -0.8531
    -0.8896
    -0.7487
    -0.8018
    -0.7040
    -0.5366
    -0.5449
    -0.5756
    -0.4389
    -0.4828
    -0.3262
    -0.3519
    -0.1969
    -0.2143
    -0.0444
    -0.0784
     0.0890
     0.0475
     0.2066
     0.1752
     0.3484
     0.3135
     0.4818
     0.4445
     0.5912
     0.5688
     0.7321
     0.7031
     0.8506
     0.8133
     0.9708
     0.9467
     1.0951
     1.0338
     1.1830
     1.1175
     1.2617
     1.1846
     1.2824
     1.1987
     1.3214
     1.2145
     1.2998
     1.2153
     1.3264
     1.2393
     1.3131
     1.2393
     1.3230
     1.2286
     1.3255
     1.2269
     1.3172
     1.2360
     1.3280
     1.2344
     1.2949
     1.1854
     1.2601
     1.1316
     1.1647
     1.0081
     1.0106
     0.8697
     0.9036
     0.7312
     0.7636
     0.5887
     0.6185
     0.4677
     0.4950
     0.3210
     0.3525
     0.1776
     0.2042
     0.0442
     0.0484
    -0.1099
    -0.0776
    -0.2417
    -0.2143
    -0.3734
    -0.3485
    -0.4969
    -0.4662
    -0.6137
    -0.5764
    -0.6965
    -0.6593
    -0.7968
    -0.7612
    -0.8763
    -0.8266
    -0.9559
    -0.9037
    -1.0288
    -0.9791
    -1.0818
    -1.0230
    -1.1356
    -1.0520
    -1.1514
    -1.0685
    -1.1903
    -1.1994
    -1.1174
    -1.1207
    -1.2052
    -1.1000
    -1.2044
    -1.1025
    -1.1787
    -1.0594
    -1.1348
    -1.0205
    -1.0752
    -0.9633
    -1.0428
    -0.9095
    -0.9633
    -0.8341
    -0.8755
    -0.7570
    -0.8092
    -0.6568
    -0.7115
    -0.5441
    -0.5814
    -0.4364
    -0.4629
    -0.3328
    -0.3386
    -0.2168
    -0.2143
    -0.0643
    -0.1016
     0.0649
     0.0467
     0.1818
     0.1710
     0.3318
     0.3094
     0.4553
     0.4453
     0.5655
     0.5647
     0.7014
     0.6832
     0.8315
     0.8208
     0.9699
     0.9442
     1.0984
     1.0329
     1.1913
     1.1357
     1.2708
     1.1954
     1.3048
     1.1979
     1.3239
     1.2294
     1.3380
     1.2286
     1.3388
     1.2286
     1.3206
     1.2377
     1.3247
     1.2244
     1.3172
     1.2145
     1.3330
     1.2319
     1.3065
     1.2087
     1.3081
     1.1730
     1.2352
     1.0926
     1.1432
     1.0006
     1.0296
     0.8688
     0.9128
     0.7196
     0.7719
     0.5945
     0.6310
     0.4577
     0.4975
     0.3359
     0.3641
     0.1785
     0.2116
     0.0310
     0.0475
    -0.1215
    -0.0817
    -0.2475
    -0.2226
    -0.3734
    -0.3295
    -0.4985
    -0.6303
    -0.5482
    -0.5789
    -0.7148
    -0.6617
    -0.8026
    -0.7504
    -0.8854
    -0.8374
    -0.9575
    -0.8946
    -1.0230
    -0.9633
    -1.0868
    -0.9840
    -1.1108
    -1.0453
    -1.1464
    -1.0702
    -1.1820
    -1.0926
    -1.1986
    -1.0950
    -1.1978
    -1.1050
    -1.1920
    -1.1008
    -1.1688
    -1.0685
    -1.1348
    -1.0180
    -1.1066
    -0.9625
    -1.0329
    -0.9211
    -0.9658
    -0.8523
    -0.8896
    -0.7579
    -0.7935
    -0.6709
    -0.7015
    -0.5656
    -0.5988
    -0.4496
    -0.4778
    -0.3079
    -0.3394
    -0.1903
    -0.2383
    -0.0660
    -0.0842
     0.0666
     0.0218
     0.1752
     0.1652
     0.3193
     0.2895
     0.4577
     0.4403
     0.5912
     0.5415
     0.7147
     0.6823
     0.8398
     0.7984
     0.9492
     0.9360
     1.0653
     1.0454
     1.1796
     1.1117
     1.2625
     1.1863
     1.3048
     1.2070
     1.3206
     1.2178
     1.3148
     1.2327
     1.3131
     1.2443
     1.3338
     1.2178
     1.3305
     1.2211
     1.3338
     1.2443
     1.3239
     1.2145
     1.3322
     1.2227
     1.3040
     1.1598
     1.2509
     1.1017
     1.1614
     1.0106
     1.0462
     0.8937
     0.7636
     0.7909
     0.7835
     0.6235
     0.6542
     0.4984
     0.5050
     0.3566
     0.3533
     0.2025
     0.2398
     0.0625
     0.0757
    -0.0917
    -0.0527
    -0.2259
    -0.1845
    -0.3403
    -0.3270
    -0.4811
    -0.4513
    -0.5921
    -0.5615
    -0.6916
    -0.6543
    -0.7777
    -0.7313
    -0.8531
    -0.8167
    -0.9476
    -0.8970
    -1.0097
    -0.9550
    -1.0561
    -0.9782
    -1.1066
    -1.0428
    -1.1290
    -1.0553
    -1.1414
    -1.0801
    -1.1812
    -1.1058
    -1.1696
    -1.1066
    -1.1787
    -1.0785
    -1.1514
    -1.0470
    -1.1282
    -1.0114
    -1.0801
    -0.9484
    -1.0122
    -0.9111
    -0.9285
    -0.8225
    -0.8730
    -0.7305
    -0.7703
    -0.6485
    -0.6816
    -0.5557
    -0.5913
    -0.4339
    -0.4546
    -0.3071
    -0.3601
    -0.1919
    -0.2309
    -0.0643
    -0.0917
     0.0608
     0.0177
     0.1776
     0.1727
     0.3235
     0.2837
     0.4354
     0.4287
     0.5787
     0.5365
     0.7163
     0.6658
     0.8440
     0.8033
     0.9575
     0.9111
     1.0462
     1.0222
     1.1531
     1.1307
     1.2344
     1.1863
     1.2924
     1.2045
     1.3197
     1.2145
     1.3247
     1.2360
     1.2451
     1.3330
     1.3164
     1.2385
     1.3322
     1.2377
     1.3247
     1.2277
     1.3139
     1.2178
     1.3023
     1.2186
     1.2775
     1.1896
     1.2261
     1.1183
     1.1208
     0.9948
     1.0097
     0.8564
     0.8945
     0.7288
     0.7677
     0.6276
     0.6160
     0.4826
     0.4909
     0.3301
     0.3492
     0.2017
     0.2133
     0.0567
     0.0757
    -0.0950
    -0.0801
    -0.2143
    -0.1961
    -0.3502
    -0.3444
    -0.4662
    -0.4380
    -0.5855
    -0.5607
    -0.6717
    -0.6477
    -0.7736
    -0.7272
    -0.8697
    -0.8067
    -0.9385
    -0.8912
    -0.9849
    -0.9534
    -1.0337
    -0.9915
    -1.0710
    -1.0412
    -1.1058
    -1.0752
    -1.1365
    -1.0760
    -1.1621
    -1.1042
    -1.1771
    -1.1133
    -1.1713
    -1.0917
    -1.1721
    -1.0544
    -1.1340
    -1.0180
    -1.0851
    -0.9625
    -1.0047
    -0.8904
    -0.9550
    -0.8374
    -0.8531
    -0.7471
    -0.7678
    -0.6327
    -0.6675
    -0.5317
    -0.5822
    -0.4239
    -0.4795
    -0.3303
    -0.3626
    -0.2077
    -0.2102
    -0.0842
    -0.0966
     0.0343
     0.0451
     0.1810
     0.1520
     0.3011
     0.2903
     0.4486
     0.4072
     0.5448
     0.7031
     0.6939
     0.6567
     0.8174
     0.8067
     0.9434
     0.9128
     1.0528
     1.0479
     1.1622
     1.1365
     1.2484
     1.1846
     1.2824
     1.2194
     1.3189
     1.2344
     1.3015
     1.2484
     1.3247
     1.2186
     1.3305
     1.2310
     1.3056
     1.2319
     1.3156
     1.2551
     1.3065
     1.2211
     1.2974
     1.2252
     1.2932
     1.1730
     1.2377
     1.1225
     1.1200
     1.0122
     1.0238
     0.8904
     0.8862
     0.7387
     0.7544
     0.6119
     0.6061
     0.4793
     0.4776
     0.3500
     0.3359
     0.2141
     0.2100
     0.0716
     0.0716
    -0.0710
    -0.0759
    -0.2035
    -0.1969
    -0.3245
    -0.3295
    -0.4712
    -0.4397
    -0.5847
    -0.5524
    -0.6601
    -0.6468
    -0.7612
    -0.7537
    -0.8415
    -0.8233
    -0.9028
    -0.8796
    -0.9757
    -0.9492
    -1.0404
    -1.0006
    -1.0594
    -1.0230
    -1.1025
    -1.0718
    -1.1149
    -1.0950
    -1.1381
    -1.0868
    -1.1572
    -1.1025
    -1.1646
    -1.0959
    -1.1373
    -1.0478
    -1.1058
    -1.0014
    -1.0619
    -0.9708
    -0.9782
    -0.8970
    -0.9086
    -0.8009
    -0.8299
    -0.7139
    -0.7529
    -0.6427
    -0.5209
    -0.5010
    -0.5524
    -0.4281
    -0.4231
    -0.3229
    -0.3361
    -0.1845
    -0.1903
    -0.0627
    -0.0776
     0.0417
     0.0401
     0.1984
     0.1718
     0.2995
     0.3086
     0.4569
     0.4196
     0.5522
     0.5564
     0.6915
     0.6881
     0.8116
     0.7801
     0.9277
     0.9128
     1.0404
     1.0205
     1.1581
     1.1266
     1.2111
     1.1813
     1.2733
     1.1937
     1.2841
     1.2153
     1.2866
     1.2443
     1.3098
     1.2368
     1.3040
     1.2534
     1.2957
     1.2468
     1.3222
     1.2460
     1.3264
     1.2310
     1.3065
     1.2277
     1.2725
     1.1755
     1.2194
     1.1258
     1.1316
     0.9840
     1.0188
     0.8713
     0.8829
     0.7362
     0.7462
     0.6061
     0.6053
     0.4561
     0.4635
     0.3384
     0.3301
     0.1810
     0.2008
     0.0517
     0.0359
    -0.0875
    -0.0784
    -0.2118
    -0.2168
    -0.3369
    -0.3295
    -0.4786
    -0.4612
    -0.5681
    -0.5457
    -0.6626
    -0.6642
    -0.7570
    -0.7247
    -0.8316
    -0.8026
    -0.9227
    -0.8680
    -0.9666
    -0.9418
    -1.0221
    -0.9923
    -1.0636
    -1.0089
    -1.1149
    -1.0362
    -1.1414
    -1.1688
    -1.1017
    -1.0810
    -1.1588
    -1.0843
    -1.1688
    -1.0834
    -1.1447
    -1.0462
    -1.0975
    -0.9882
    -1.0520
    -0.9443
    -0.9757
    -0.8689
    -0.9095
    -0.8034
    -0.8208
    -0.7222
    -0.7620
    -0.6245
    -0.6435
    -0.5242
    -0.5648
    -0.4107
    -0.4322
    -0.3162
    -0.3378
    -0.1953
    -0.1903
    -0.0743
    -0.0817
     0.0823
     0.0567
     0.2124
     0.2000
     0.3169
     0.3094
     0.4470
     0.4577
     0.5845
     0.5630
     0.7205
     0.6956
     0.8431
     0.8133
     0.9658
     0.9376
     1.0702
     1.0421
     1.1805
     1.1216
     1.2576
     1.1879
     1.2857
     1.2087
     1.2990
     1.2145
     1.3206
     1.2327
     1.3264
     1.2360
     1.3172
     1.2261
     1.3114
     1.2327
     1.3073
     1.2377
     1.3148
     1.2244
     1.3239
     1.2095
     1.2841
     1.1747
     1.2393
     1.0835
     1.1432
     0.9898
     0.9965
     0.8647
     0.8730
     0.7138
     0.7536
     0.5812
     0.6028
     0.4403
     0.4660
     0.3069
     0.3326
     0.1884
     0.1984
     0.0409
     0.0318
    -0.1140
    -0.0809
    -0.2259
    -0.2292
    -0.3527
    -0.3394
    -0.4844
    -0.5863
    -0.5565
    -0.5341
    -0.6932
    -0.6468
    -0.7653
    -0.7463
    -0.8573
    -0.8059
    -0.9103
    -0.8672
    -0.9699
    -0.9302
    -1.0412
    -0.9832
    -1.0627
    -1.0263
    -1.1025
    -1.0495
    -1.1356
    -1.0776
    -1.1373
    -1.0677
    -1.1572
    -1.0843
    -1.1530
    -1.0652
    -1.1348
    -1.0495
    -1.0859
    -0.9807
    -1.0221
    -0.9517
    -0.9691
    -0.8672
    -0.9194
    -0.7918
    -0.8390
    -0.7173
    -0.7181
    -0.6178
    -0.6203
    -0.5051
    -0.5225
    -0.4190
    -0.4215
    -0.3046
    -0.3171
    -0.1895
    -0.1953
    -0.0453
    -0.0453
     0.0948
     0.0782
     0.2249
     0.2141
     0.3368
     0.3144
     0.4776
     0.4602
     0.5920
     0.5837
     0.7014
     0.7031
     0.8440
     0.8116
     0.9600
     0.9177
     1.0470
     1.0130
     1.1448
     1.1158
     1.2236
     1.1780
     1.2824
     1.2004
     1.3148
     1.2128
     1.3156
     1.2418
     1.3023
     1.2410
     1.3272
     1.2443
     1.3239
     1.2178
     1.3272
     1.2286
     1.2998
     1.2310
     1.3023
     1.2062
     1.2841
     1.1631
     1.2087
     1.0901
     1.1009
     0.9832
     0.9824
     0.8440
     0.8730
     0.7370
     0.7677
     0.5655
     0.5912
     0.4395
     0.4577
     0.2961
     0.3111
     0.1660
     0.1718
     0.0185
     0.0384
    -0.1215
    -0.1049
    -0.2591
    -0.2375
    -0.3601
    -0.3369
    -0.4960
    -0.4546
    -0.6046
    -0.5656
    -0.6907
    -0.6443
    -0.7893
    -0.7413
    -0.8473
    -0.8150
    -0.9335
    -0.8689
    -0.9691
    -0.9144
    -1.0321
    -0.9699
    -1.0619
    -0.9948
    -1.1149
    -1.0354
    -1.1331
    -1.0727
    -1.1522
    -1.0735
    -1.1514
    -1.0685
    -1.1323
    -1.0685
    -1.1116
    -1.0437
    -1.0801
    -1.0072
    -1.0445
    -0.9418
    -0.9799
    -0.8531
    -0.9070
    -0.7976
    -0.8200
    -0.6833
    -0.7446
    -0.5938
    -0.6361
    -0.4745
    -0.5192
    -0.3767
    -0.4024
    -0.2541
    -0.2881
    -0.1381
    -0.1812
    -0.0254
    -0.0287
     0.0981
     0.0683
     0.2265
     0.2091
     0.3525
     0.3459
     0.4826
     0.4735
     0.6044
     0.5713
     0.7329
     0.6973
     0.8564
     0.8017
     0.9641
     0.9235
     1.0719
     1.0346
     1.1573
     1.1183
     1.2393
     1.1647
     1.2617
     1.2062
     1.3065
     1.2103
     1.2990
     1.2194
     1.3073
     1.3305
     1.3819
     1.2252
     1.3048
     1.2360
     1.3305
     1.2385
     1.2990
     1.2211
     1.3106
     1.2203
     1.2857
     1.1689
     1.1962
     1.0802
     1.1200
     0.9583
     0.9724
     0.8299
     0.8498
     0.7022
     0.7254
     0.5879
     0.6028
     0.4528
     0.4619
     0.2995
     0.3094
     0.1437
     0.1735
    -0.0072
     0.0243
    -0.1431
    -0.1066
    -0.2566
    -0.2549
    -0.3925
    -0.3527
    -0.5126
    -0.4654
    -0.6220
    -0.5913
    -0.6990
    -0.6891
    -0.7935
    -0.7645
    -0.8821
    -0.8142
    -0.9501
    -0.8730
    -0.9890
    -0.9426
    -1.0337
    -0.9824
    -1.0967
    -1.0296
    -1.1050
    -1.0379
    -1.1481
    -1.0694
    -1.1605
    -1.0652
    -1.1688
    -1.0685
    -1.1613
    -1.0553
    -1.1398
    -1.0404
    -1.1116
    -1.0056
    -1.0511
    -0.9277
    -1.0056
    -0.8714
    -0.9028
    -0.8009
    -0.8167
    -0.6916
    -0.7231
    -0.6071
    -0.6485
    -0.4861
    -0.5275
    -0.3833
    -0.4256
    -0.2798
    -0.2939
    -0.1497
    -0.1861
    -0.0154
    -0.0577
     0.1105
     0.0649
     0.2240
     0.2108
     0.3740
     0.3359
     0.4776
     0.4445
     0.6119
     0.7279
     0.7669
     0.7064
     0.8547
     0.8116
     0.9550
     0.9260
     1.0611
     1.0188
     1.1515
     1.0984
     1.2286
     1.1622
     1.2915
     1.1946
     1.3015
     1.2319
     1.3338
     1.2277
     1.3330
     1.2410
     1.3388
     1.2335
     1.3131
     1.2451
     1.3297
     1.2402
     1.3131
     1.2136
     1.3007
     1.2111
     1.2625
     1.1515
     1.2120
     1.0578
     1.0968
     0.9376
     0.9898
     0.8133
     0.8332
     0.6956
     0.7097
     0.5688
     0.5705
     0.4097
     0.4420
     0.2837
     0.3028
     0.1379
     0.1602
    -0.0105
     0.0343
    -0.1455
    -0.1215
    -0.2715
    -0.2466
    -0.3991
    -0.3436
    -0.5076
    -0.4521
    -0.5971
    -0.5698
    -0.7148
    -0.6385
    -0.7877
    -0.7264
    -0.8772
    -0.8134
    -0.9327
    -0.8796
    -0.9965
    -0.9211
    -1.0296
    -0.9617
    -1.0760
    -1.0147
    -1.1124
    -1.0470
    -1.1489
    -1.0561
    -1.1572
    -1.0669
    -1.1572
    -1.0694
    -1.1522
    -1.0743
    -1.1282
    -1.0462
    -1.1108
    -0.9973
    -1.0387
    -0.9219
    -0.9733
    -0.8631
    -0.8987
    -0.7686
    -0.8216
    -0.6825
    -0.7438
    -0.5839
    -0.4927
    -0.4471
    -0.5308
    -0.3734
    -0.4281
    -0.2740
    -0.2947
    -0.1381
    -0.1795
    -0.0130
    -0.0353
     0.1014
     0.0807
     0.2249
     0.1934
     0.3699
     0.3334
     0.4884
     0.4577
     0.6160
     0.5746
     0.7246
     0.6873
     0.8498
     0.8199
     0.9716
     0.9094
     1.0553
     1.0238
     1.1515
     1.1067
     1.2227
     1.1705
     1.2650
     1.1971
     1.2932
     1.2286
     1.3222
     1.2136
     1.3164
     1.2128
     1.3222
     1.2145
     1.3272
     1.2327
     1.3040
     1.2352
     1.3181
     1.2029
     1.3164
     1.2120
     1.2808
     1.1399
     1.2053
     1.0487
     1.0959
     0.9351
     0.9948
     0.8116
     0.8440
     0.6608
     0.6948
     0.5174
     0.5862
     0.4072
     0.4345
     0.2448
     0.2995
     0.1055
     0.1710
    -0.0138
     0.0020
    -0.1629
    -0.1165
    -0.2756
    -0.2441
    -0.3867
    -0.3494
    -0.5300
    -0.4836
    -0.6170
    -0.5805
    -0.7239
    -0.6725
    -0.8208
    -0.7579
    -0.8896
    -0.8076
    -0.9542
    -0.8813
    -1.0031
    -0.9501
    -1.0627
    -0.9849
    -1.0984
    -1.0147
    -1.1307
    -1.0528
    -1.1497
    -1.0868
    -1.0834
    -1.0843
    -1.1986
    -1.0843
    -1.1936
    -1.0752
    -1.1613
    -1.0346
    -1.1083
    -0.9890
    -1.0826
    -0.9567
    -0.9948
    -0.8813
    -0.9211
    -0.7951
    -0.8432
    -0.6949
    -0.7645
    -0.6095
    -0.6435
    -0.5060
    -0.5292
    -0.3751
    -0.4364
    -0.2806
    -0.2955
    -0.1414
    -0.1878
    -0.0312
    -0.0726
     0.0989
     0.0558
     0.2307
     0.2042
     0.3666
     0.3144
     0.4635
     0.4263
     0.5812
     0.5464
     0.7138
     0.6782
     0.8440
     0.7934
     0.9368
     0.8829
     1.0487
     1.0023
     1.1548
     1.0785
     1.2310
     1.1515
     1.2940
     1.1879
     1.3040
     1.1863
     1.3288
     1.2120
     1.3545
     1.2169
     1.3504
     1.1987
     1.3288
     1.2087
     1.3471
     1.2012
     1.3438
     1.1987
     1.3355
     1.1656
     1.2982
     1.1332
     1.2393
     1.0503
     1.1448
     0.9525
     1.0081
     0.8241
     0.8746
     0.6765
     0.7238
     0.5431
     0.6044
     0.3981
     0.4586
     0.2506
     0.3202
     0.1155
     0.1718
    -0.0246
     0.0376
    -0.1439
    -0.1107
    -0.2740
    -0.2127
    -0.4049
    -0.3469
    -0.5283
    -0.4372
    -0.5507
    -0.5714
    -0.7115
    -0.6477
    -0.7976
    -0.7231
    -0.8830
    -0.8026
    -0.9434
    -0.8482
    -1.0031
    -0.9078
    -1.0735
    -0.9600
    -1.1158
    -1.0130
    -1.1423
    -1.0213
    -1.1605
    -1.0569
    -1.1787
    -1.0569
    -1.2003
    -1.0785
    -1.1878
    -1.0478
    -1.1597
    -1.0089
    -1.1290
    -0.9857
    -1.0702
    -0.9235
    -0.9965
    -0.8614
    -0.9459
    -0.7893
    -0.8473
    -0.6907
    -0.7562
    -0.5855
    -0.6568
    -0.5027
    -0.5549
    -0.3751
    -0.4447
    -0.2823
    -0.3237
    -0.1613
    -0.1878
    -0.0154
    -0.0867
     0.1180
     0.0451
     0.2133
     0.1710
     0.3450
     0.3036
     0.4959
     0.4130
     0.6169
     0.5423
     0.7246
     0.6558
     0.8464
     0.7520
     0.9691
     0.8862
     1.0661
     0.9774
     1.1788
     1.0694
     1.2584
     1.1324
     1.2915
     1.1581
     1.3280
     1.1987
     1.3421
     1.2070
     1.3288
     1.2136
     1.3438
     1.2087
     1.3347
     1.1913
     1.3405
     1.1863
     1.3338
     1.2145
     1.3247
     1.1763
     1.3181
     1.1423
     1.2451
     1.0421
     1.1448
     0.9467
     1.0056
     0.8199
     0.8663
     0.7346
     0.6774
     0.5464
     0.6169
     0.4113
     0.4677
     0.2439
     0.3177
     0.1263
     0.1801
    -0.0353
     0.0409
    -0.1729
    -0.0850
    -0.2731
    -0.2193
    -0.4157
    -0.3295
    -0.5143
    -0.4430
    -0.6452
    -0.5449
    -0.7380
    -0.6543
    -0.8109
    -0.7355
    -0.8946
    -0.8100
    -0.9691
    -0.8540
    -1.0255
    -0.9103
    -1.0743
    -0.9600
    -1.1265
    -1.0130
    -1.1514
    -1.0288
    -1.1679
    -1.0619
    -1.1845
    -1.0619
    -1.1870
    -1.0752
    -1.1953
    -1.0627
    -1.1588
    -1.0089
    -1.1133
    -0.9791
    -1.0727
    -0.9136
    -1.0172
    -0.8390
    -0.9467
    -0.7670
    -0.8498
    -0.6916
    -0.7868
    -0.5747
    -0.6700
    -0.4828
    -0.5681
    -0.3775
    -0.4529
    -0.2657
    -0.3419
    -0.1348
    -0.2052
    -0.0221
    -0.0809
     0.1205
     0.0318
     0.2307
     0.1892
     0.3674
     0.3036
     0.5042
     0.4163
     0.6094
     0.5423
     0.7346
     0.6625
     0.8440
     0.7826
     0.9708
     0.8829
     1.0752
     0.9915
     1.1755
     1.0653
     1.2468
     1.1415
     1.2857
     1.1730
     1.3322
     1.1730
     1.3463
     1.2145
     1.3446
     1.3504
     1.3123
     1.2053
     1.3504
     1.2029
     1.3396
     1.1995
     1.3255
     1.1846
     1.3114
     1.1946
     1.3023
     1.1515
     1.2460
     1.0595
     1.1249
     0.9583
     1.0197
     0.8282
     0.8829
     0.6807
     0.7586
     0.5522
     0.6185
     0.3890
     0.4619
     0.2456
     0.3160
     0.1064
     0.1834
    -0.0221
     0.0326
    -0.1679
    -0.0908
    -0.2756
    -0.2135
    -0.4016
    -0.3585
    -0.5300
    -0.4463
    -0.6460
    -0.5565
    -0.7305
    -0.6551
    -0.8424
    -0.7413
    -0.9062
    -0.8100
    -0.9633
    -0.8680
    -1.0147
    -0.9451
    -1.0677
    -0.9699
    -1.1282
    -1.0072
    -1.1555
    -1.0346
    -1.1779
    -1.0619
    -1.1953
    -1.0528
    -1.1953
    -1.0669
    -1.1878
    -1.0470
    -1.1754
    -1.0230
    -1.1431
    -0.9948
    -1.1108
    -0.9376
    -1.0354
    -0.8796
    -0.9517
    -0.7926
    -0.8830
    -0.7231
    -0.7802
    -0.6071
    -0.6891
    -0.5184
    -0.5756
    -0.4049
    -0.4761
    -0.2963
    -0.3461
    -0.1679
    -0.2317
    -0.0486
    -0.1066
     0.1006
     0.0384
     0.2042
     0.1544
     0.3343
     0.2787
     0.4619
     0.4138
     0.5879
     0.7022
     0.6799
     0.6567
     0.8290
     0.7801
     0.9600
     0.8788
     1.0520
     0.9658
     1.1407
     1.0570
     1.2319
     1.1465
     1.2841
     1.1614
     1.3264
     1.2111
     1.3322
     1.1929
     1.3272
     1.1995
     1.3396
     1.2053
     1.3463
     1.2186
     1.3288
     1.2219
     1.3421
     1.2186
     1.3313
     1.2012
     1.3131
     1.1465
     1.2518
     1.0818
     1.1341
     0.9567
     1.0329
     0.8365
     0.8920
     0.7138
     0.7544
     0.5589
     0.6177
     0.4155
     0.4859
     0.2879
     0.3119
     0.1221
     0.1917
     0.0028
     0.0525
    -0.1563
    -0.0792
    -0.2789
    -0.2309
    -0.4099
    -0.3427
    -0.5242
    -0.4347
    -0.6485
    -0.5391
    -0.7330
    -0.6145
    -0.8291
    -0.6974
    -0.8995
    -0.7686
    -0.9633
    -0.8424
    -1.0263
    -0.8879
    -1.0917
    -0.9335
    -1.1158
    -0.9998
    -1.1588
    -1.0387
    -1.1779
    -1.0503
    -1.2052
    -1.0561
    -1.2044
    -1.0553
    -1.1978
    -1.0536
    -1.1771
    -1.0304
    -1.1439
    -0.9865
    -1.1174
    -0.9318
    -1.0528
    -0.8772
    -0.9666
    -0.8042
    -0.9012
    -0.7131
    -0.7877
    -0.6095
    -0.4969
    -0.5590
    -0.5897
    -0.3833
    -0.4720
    -0.2839
    -0.3452
    -0.1397
    -0.2243
    -0.0121
    -0.1132
     0.1196
     0.0417
     0.2232
     0.1727
     0.3525
     0.2696
     0.4984
     0.3931
     0.5903
     0.5240
     0.7097
     0.6276
     0.8415
          3
          1
